Data,Ruota,1,2,3,4,5
1939/01/07,TO,19,43,10,31,27
1939/01/14,TO,82,7,15,88,34
1939/01/21,TO,36,41,43,35,40
1939/01/28,TO,27,48,40,33,67
1939/02/04,TO,89,1,79,52,9
1939/02/11,TO,36,29,68,17,81
1939/02/18,TO,47,13,55,15,25
1939/02/25,TO,42,86,62,25,57
1939/03/04,TO,34,66,55,22,82
1939/03/11,TO,26,10,71,7,75
1939/03/18,TO,27,12,58,33,21
1939/03/25,TO,2,31,34,61,55
1939/04/01,TO,5,11,55,31,40
1939/04/08,TO,21,52,19,47,35
1939/04/15,TO,56,1,17,16,6
1939/04/22,TO,9,64,5,76,6
1939/04/29,TO,81,79,47,84,18
1939/05/06,TO,60,32,68,35,46
1939/05/13,TO,57,13,46,47,65
1939/05/20,TO,88,69,49,68,37
1939/05/27,TO,8,83,4,46,16
1939/06/03,TO,11,39,49,62,74
1939/06/10,TO,62,45,81,31,51
1939/06/17,TO,13,40,31,41,16
1939/06/24,TO,70,16,81,54,24
1939/07/01,TO,17,2,47,82,11
1939/07/08,TO,83,29,22,44,84
1939/07/15,TO,2,82,89,79,83
1939/07/22,TO,35,46,69,51,43
1939/07/29,TO,33,76,31,47,86
1939/08/05,TO,69,41,50,25,27
1939/08/12,TO,55,63,54,29,64
1939/08/19,TO,42,15,65,59,69
1939/08/26,TO,18,45,40,38,21
1939/09/02,TO,8,58,13,60,37
1939/09/09,TO,86,49,5,65,39
1939/09/16,TO,87,68,60,9,26
1939/09/23,TO,25,1,33,75,70
1939/09/30,TO,3,20,5,42,76
1939/10/07,TO,32,27,31,3,77
1939/10/14,TO,83,48,14,9,26
1939/10/21,TO,40,82,76,58,61
1939/10/28,TO,42,80,23,82,17
1939/11/04,TO,73,62,70,27,24
1939/11/11,TO,29,84,77,50,24
1939/11/18,TO,1,88,52,63,85
1939/11/25,TO,46,75,74,72,65
1939/12/02,TO,79,4,58,16,86
1939/12/09,TO,11,36,20,30,2
1939/12/16,TO,67,79,86,73,62
1939/12/23,TO,20,30,83,48,15
1939/12/30,TO,16,57,61,39,28
1940/01/06,TO,63,12,46,24,39
1940/01/13,TO,25,68,87,39,83
1940/01/20,TO,21,61,15,71,44
1940/01/27,TO,58,68,19,1,34
1940/02/03,TO,24,17,50,38,11
1940/02/10,TO,63,33,29,46,51
1940/02/17,TO,43,2,3,69,34
1940/02/24,TO,19,47,35,84,51
1940/03/02,TO,40,28,73,65,76
1940/03/09,TO,49,52,21,42,31
1940/03/16,TO,12,72,14,5,59
1940/03/23,TO,10,56,46,55,68
1940/03/30,TO,57,59,72,14,52
1940/04/06,TO,60,70,17,57,7
1940/04/13,TO,34,79,14,37,57
1940/04/20,TO,85,13,40,34,77
1940/04/27,TO,84,90,42,85,71
1940/05/04,TO,14,19,58,48,73
1940/05/11,TO,21,71,34,83,82
1940/05/18,TO,80,83,5,79,19
1940/05/25,TO,51,13,68,63,16
1940/06/01,TO,23,24,85,4,70
1940/06/08,TO,11,72,12,32,89
1940/06/15,TO,51,48,45,3,64
1940/06/22,TO,5,38,25,2,18
1940/06/29,TO,73,31,20,49,18
1940/07/06,TO,61,22,55,32,33
1940/07/13,TO,55,21,81,79,27
1940/07/20,TO,23,41,56,46,80
1940/07/27,TO,30,14,28,9,54
1940/08/03,TO,50,68,8,16,89
1940/08/10,TO,30,23,66,37,19
1940/08/17,TO,17,15,64,35,25
1940/08/24,TO,35,75,85,51,14
1940/08/31,TO,70,22,28,86,6
1940/09/07,TO,79,3,28,76,77
1940/09/14,TO,34,2,39,37,51
1940/09/21,TO,8,43,21,20,34
1940/09/28,TO,72,60,42,37,14
1940/10/05,TO,74,36,77,7,42
1940/10/12,TO,82,60,56,9,21
1940/10/19,TO,19,83,90,17,18
1940/10/26,TO,60,12,85,45,58
1940/11/02,TO,20,46,64,85,8
1940/11/09,TO,64,69,8,22,29
1940/11/16,TO,53,79,78,76,7
1940/11/23,TO,48,71,89,90,66
1940/11/30,TO,62,11,52,56,8
1940/12/07,TO,71,15,74,3,63
1940/12/14,TO,41,75,87,6,81
1940/12/21,TO,81,64,62,30,41
1940/12/28,TO,60,51,62,29,6
1941/01/04,TO,69,66,42,65,43
1941/01/11,TO,17,87,65,73,90
1941/01/18,TO,79,86,63,37,47
1941/01/25,TO,19,13,31,8,35
1941/02/01,TO,45,61,30,29,59
1941/02/08,TO,30,37,78,19,52
1941/02/15,TO,47,81,67,79,4
1941/02/22,TO,42,65,67,20,3
1941/03/01,TO,90,63,70,7,45
1941/03/08,TO,21,37,76,54,84
1941/03/15,TO,43,66,17,83,13
1941/03/22,TO,52,56,37,69,87
1941/03/29,TO,71,38,5,76,78
1941/04/05,TO,49,89,36,6,43
1941/04/12,TO,7,77,60,59,51
1941/04/19,TO,5,27,44,85,55
1941/04/26,TO,1,2,13,88,57
1941/05/03,TO,20,29,55,19,45
1941/05/10,TO,78,79,28,77,71
1941/05/17,TO,42,31,4,82,46
1941/05/24,TO,83,50,10,13,21
1941/05/31,TO,89,5,69,63,47
1941/06/07,TO,37,78,89,72,65
1941/06/14,TO,8,80,49,9,37
1941/06/21,TO,3,25,82,73,39
1941/06/28,TO,6,43,35,20,89
1941/07/05,TO,61,56,88,41,39
1941/07/12,TO,41,62,37,56,16
1941/07/19,TO,20,82,37,25,16
1941/07/26,TO,84,62,37,67,75
1941/08/02,TO,55,54,76,13,77
1941/08/09,TO,80,36,86,75,60
1941/08/16,TO,40,90,64,75,41
1941/08/23,TO,46,78,42,67,36
1941/08/30,TO,83,81,1,47,78
1941/09/06,TO,66,67,75,33,59
1941/09/13,TO,71,89,10,86,75
1941/09/20,TO,51,55,41,38,50
1941/09/27,TO,41,68,45,78,74
1941/10/04,TO,51,64,69,32,38
1941/10/11,TO,67,89,58,79,57
1941/10/18,TO,72,24,4,78,3
1941/10/25,TO,66,36,31,84,5
1941/11/01,TO,89,54,83,13,34
1941/11/08,TO,51,60,34,75,77
1941/11/15,TO,5,61,71,12,47
1941/11/22,TO,75,76,31,81,89
1941/11/29,TO,41,51,67,71,45
1941/12/06,TO,72,56,45,22,39
1941/12/13,TO,21,7,71,74,15
1941/12/20,TO,8,85,4,9,80
1941/12/27,TO,31,61,14,57,9
1942/01/03,TO,13,12,69,34,30
1942/01/10,TO,64,50,36,9,5
1942/01/17,TO,66,33,80,74,23
1942/01/24,TO,50,73,69,57,82
1942/01/31,TO,41,76,70,26,25
1942/02/07,TO,78,43,11,33,75
1942/02/14,TO,9,18,57,12,71
1942/02/21,TO,32,85,86,11,69
1942/02/28,TO,27,7,45,39,60
1942/03/07,TO,59,70,90,48,15
1942/03/14,TO,63,65,56,25,79
1942/03/21,TO,41,51,19,23,20
1942/03/28,TO,43,71,24,46,53
1942/04/04,TO,87,67,70,26,41
1942/04/11,TO,47,34,58,19,54
1942/04/18,TO,62,71,32,30,72
1942/04/25,TO,63,73,64,41,86
1942/05/02,TO,52,54,68,29,43
1942/05/09,TO,55,87,19,24,88
1942/05/16,TO,32,57,18,1,31
1942/05/23,TO,37,22,71,11,48
1942/05/30,TO,12,33,37,74,62
1942/06/06,TO,24,82,80,66,42
1942/06/13,TO,4,29,77,89,16
1942/06/20,TO,60,56,85,64,62
1942/06/27,TO,43,21,38,5,75
1942/07/04,TO,46,31,35,1,43
1942/07/11,TO,16,44,8,7,70
1942/07/18,TO,89,27,18,48,29
1942/07/25,TO,15,17,88,45,80
1942/08/01,TO,76,57,86,81,74
1942/08/08,TO,35,81,12,88,83
1942/08/15,TO,87,7,21,5,39
1942/08/22,TO,54,77,52,37,5
1942/08/29,TO,35,42,19,45,73
1942/09/05,TO,61,39,28,67,25
1942/09/12,TO,19,9,4,64,18
1942/09/19,TO,12,35,79,15,89
1942/09/26,TO,63,78,17,79,85
1942/10/03,TO,61,62,30,44,65
1942/10/10,TO,28,45,35,24,34
1942/10/17,TO,50,14,16,7,35
1942/10/24,TO,85,86,34,18,6
1942/10/31,TO,72,48,31,52,47
1942/11/07,TO,47,27,76,77,68
1942/11/14,TO,90,62,81,20,2
1942/11/21,TO,75,61,38,56,28
1942/11/28,TO,24,21,80,61,14
1942/12/05,TO,79,50,29,34,30
1942/12/12,TO,43,1,26,27,55
1942/12/19,TO,76,33,83,40,81
1942/12/26,TO,5,84,48,1,75
1943/01/02,TO,56,21,8,5,41
1943/01/09,TO,47,48,42,64,24
1943/01/16,TO,70,57,56,50,81
1943/01/23,TO,29,40,75,37,41
1943/01/30,TO,88,61,22,44,59
1943/02/06,TO,37,27,66,6,65
1943/02/13,TO,87,79,9,40,13
1943/02/20,TO,1,70,9,48,21
1943/02/27,TO,50,44,24,23,68
1943/03/06,TO,41,33,28,69,68
1943/03/13,TO,80,89,82,1,44
1943/03/20,TO,63,50,3,68,62
1943/03/27,TO,82,80,50,10,15
1943/04/03,TO,30,80,12,81,31
1943/04/10,TO,49,1,61,24,68
1943/04/17,TO,21,47,45,85,88
1943/04/24,TO,31,14,23,80,72
1943/05/01,TO,36,25,85,81,10
1943/05/08,TO,74,59,33,18,40
1943/05/15,TO,22,1,43,48,35
1943/05/22,TO,50,17,41,66,64
1943/05/29,TO,44,66,39,6,62
1943/06/05,TO,28,62,20,23,16
1943/06/12,TO,67,27,69,86,40
1943/06/19,TO,11,67,75,18,70
1943/06/26,TO,20,14,15,81,60
1943/07/03,TO,60,34,12,57,7
1943/07/10,TO,57,6,66,33,5
1943/07/17,TO,20,15,11,23,42
1943/07/24,TO,17,49,48,67,37
1943/07/31,TO,25,68,81,39,4
1943/08/07,TO,56,48,29,89,76
1943/08/14,TO,44,66,8,68,33
1943/08/21,TO,39,82,27,75,61
1943/08/28,TO,41,3,23,10,79
1943/09/04,TO,44,61,64,80,31
1943/09/11,TO,14,75,38,48,24
1943/09/18,TO,12,70,36,20,30
1943/09/25,TO,70,63,60,6,76
1943/10/02,TO,75,71,61,45,83
1943/10/09,TO,29,5,37,17,44
1943/10/16,TO,4,60,56,21,3
1943/10/23,TO,59,40,25,61,57
1943/10/30,TO,85,16,10,13,87
1943/11/06,TO,64,2,87,54,36
1943/11/13,TO,34,81,46,28,43
1943/11/20,TO,74,19,54,3,26
1943/11/27,TO,71,6,13,83,32
1943/12/04,TO,79,70,65,74,64
1943/12/11,TO,75,53,85,20,42
1943/12/18,TO,26,48,61,3,55
1943/12/25,TO,68,86,82,11,40
1944/01/01,TO,31,53,89,50,22
1944/01/08,TO,45,64,84,25,90
1944/01/15,TO,21,29,55,90,17
1944/01/22,TO,16,69,85,37,62
1944/01/29,TO,79,34,12,78,20
1944/02/05,TO,18,7,21,2,87
1944/02/12,TO,60,20,39,16,1
1944/02/19,TO,80,23,7,81,69
1944/02/26,TO,68,11,77,56,48
1944/03/04,TO,87,53,54,74,64
1944/03/11,TO,81,11,27,87,77
1944/03/18,TO,58,25,73,32,13
1944/04/01,TO,78,89,9,6,73
1944/04/08,TO,34,15,59,54,13
1944/04/22,TO,82,36,37,2,56
1944/04/29,TO,90,36,50,79,45
1944/05/06,TO,72,89,57,74,40
1944/05/13,TO,48,33,14,60,24
1944/05/20,TO,50,15,40,26,86
1944/05/27,TO,40,3,64,10,86
1944/06/03,TO,1,63,30,56,31
1944/06/10,TO,90,47,67,81,10
1944/06/17,TO,36,64,65,86,20
1944/06/24,TO,28,35,51,39,9
1944/07/01,TO,60,86,49,71,47
1944/07/08,TO,67,49,79,85,9
1944/07/15,TO,60,35,44,16,15
1944/07/22,TO,38,80,50,85,34
1944/07/29,TO,48,61,46,56,11
1944/08/05,TO,19,7,35,79,36
1944/08/12,TO,45,49,46,69,27
1944/08/19,TO,24,35,69,28,38
1944/08/26,TO,59,55,81,75,63
1944/09/02,TO,18,21,4,85,74
1944/09/09,TO,77,90,42,39,9
1944/09/16,TO,69,46,63,12,34
1944/09/30,TO,46,77,14,19,55
1944/10/07,TO,8,88,66,30,7
1944/10/14,TO,88,59,50,73,78
1944/10/21,TO,43,60,38,84,66
1944/10/28,TO,68,16,24,42,35
1944/11/04,TO,57,89,35,68,36
1944/11/11,TO,46,38,36,42,61
1944/11/18,TO,62,9,53,72,31
1944/11/25,TO,73,2,80,35,46
1944/12/02,TO,31,60,27,42,32
1944/12/09,TO,15,21,55,53,25
1944/12/16,TO,61,9,71,90,66
1944/12/23,TO,86,29,47,50,10
1944/12/30,TO,12,49,89,81,23
1945/01/05,TO,52,54,61,12,41
1945/01/13,TO,7,69,23,3,15
1945/01/20,TO,29,11,81,19,28
1945/01/27,TO,77,57,42,47,4
1945/02/03,TO,6,44,66,39,60
1945/02/10,TO,6,19,4,60,17
1945/02/17,TO,3,31,19,74,16
1945/02/24,TO,59,41,63,10,12
1945/03/03,TO,42,49,63,59,16
1945/03/10,TO,73,61,80,65,79
1945/03/17,TO,25,24,49,51,8
1945/03/24,TO,23,86,5,1,65
1945/03/31,TO,59,13,31,84,68
1945/04/07,TO,5,32,21,18,8
1945/04/14,TO,26,12,9,77,88
1945/04/21,TO,40,20,66,31,62
1945/05/05,TO,52,85,14,20,79
1945/05/12,TO,77,8,6,78,54
1945/05/19,TO,38,23,52,2,61
1945/05/26,TO,70,40,6,63,50
1945/06/02,TO,58,75,18,29,30
1945/06/09,TO,27,69,16,52,35
1945/06/16,TO,86,83,25,31,11
1945/06/23,TO,61,82,11,23,70
1945/06/30,TO,11,19,60,75,10
1945/07/07,TO,62,86,7,50,42
1945/07/14,TO,2,30,34,10,65
1945/07/21,TO,52,59,69,36,16
1945/07/28,TO,57,27,37,43,25
1945/08/04,TO,90,48,15,81,42
1945/08/11,TO,41,63,86,82,25
1945/08/18,TO,89,78,33,39,81
1945/08/25,TO,9,47,38,67,83
1945/09/01,TO,20,40,11,5,43
1945/09/08,TO,11,58,86,54,47
1945/09/15,TO,44,62,45,4,70
1945/09/22,TO,46,79,58,40,73
1945/09/29,TO,1,19,38,70,62
1945/10/06,TO,69,75,18,22,20
1945/10/13,TO,8,27,77,53,56
1945/10/20,TO,42,55,62,48,17
1945/10/27,TO,6,57,85,54,73
1945/11/03,TO,89,7,60,33,25
1945/11/10,TO,84,30,75,32,66
1945/11/17,TO,46,60,14,10,50
1945/11/24,TO,52,75,80,36,16
1945/12/01,TO,47,61,21,69,13
1945/12/07,TO,79,74,64,59,72
1945/12/15,TO,18,38,74,10,2
1945/12/22,TO,24,67,21,52,63
1945/12/29,TO,5,31,86,14,7
1946/01/05,TO,74,61,4,38,49
1946/01/12,TO,77,79,88,9,38
1946/01/19,TO,11,19,60,4,31
1946/01/26,TO,82,59,5,13,39
1946/02/02,TO,70,24,37,18,87
1946/02/09,TO,41,51,52,71,28
1946/02/16,TO,59,45,5,42,85
1946/02/23,TO,51,42,70,84,38
1946/03/02,TO,32,89,27,53,26
1946/03/09,TO,56,53,21,83,43
1946/03/16,TO,41,12,76,24,57
1946/03/23,TO,7,56,34,83,18
1946/03/30,TO,39,50,20,71,27
1946/04/06,TO,86,80,13,37,73
1946/04/13,TO,59,25,37,22,5
1946/04/20,TO,81,65,9,14,16
1946/04/27,TO,63,84,68,25,65
1946/05/04,TO,74,8,16,23,45
1946/05/11,TO,38,54,64,68,76
1946/05/18,TO,16,88,80,52,39
1946/05/25,TO,65,25,16,11,67
1946/06/01,TO,72,87,19,57,38
1946/06/08,TO,26,60,37,56,35
1946/06/15,TO,20,75,64,83,4
1946/06/22,TO,71,11,88,82,23
1946/06/29,TO,51,59,70,17,48
1946/07/06,TO,62,75,71,61,78
1946/07/13,TO,85,12,87,62,2
1946/07/20,TO,26,32,40,9,27
1946/07/27,TO,65,74,52,84,18
1946/08/03,TO,66,67,54,32,24
1946/08/10,TO,80,23,9,26,29
1946/08/17,TO,15,18,72,49,5
1946/08/24,TO,56,10,52,57,48
1946/08/31,TO,36,28,85,79,34
1946/09/07,TO,83,59,34,38,60
1946/09/14,TO,35,1,3,41,17
1946/09/21,TO,73,49,21,16,20
1946/09/28,TO,67,8,76,5,4
1946/10/05,TO,73,20,63,87,33
1946/10/12,TO,63,61,82,73,64
1946/10/19,TO,16,64,12,75,3
1946/10/26,TO,33,28,80,77,45
1946/11/02,TO,51,36,67,33,81
1946/11/09,TO,61,54,84,88,42
1946/11/16,TO,85,7,15,52,23
1946/11/23,TO,62,48,13,21,60
1946/11/30,TO,30,88,69,83,64
1946/12/07,TO,33,4,21,41,9
1946/12/14,TO,73,11,3,72,47
1946/12/21,TO,77,7,76,36,61
1946/12/28,TO,74,44,66,60,63
1947/01/04,TO,58,56,88,11,85
1947/01/11,TO,21,25,86,87,74
1947/01/18,TO,26,58,21,13,4
1947/01/25,TO,50,13,32,4,57
1947/02/01,TO,32,10,67,20,74
1947/02/08,TO,14,39,13,85,35
1947/02/15,TO,81,28,10,87,55
1947/02/22,TO,17,39,77,11,33
1947/03/01,TO,49,26,35,40,25
1947/03/08,TO,27,18,86,76,19
1947/03/15,TO,73,52,59,31,43
1947/03/22,TO,56,44,7,20,21
1947/03/29,TO,41,75,40,32,67
1947/04/05,TO,39,23,73,86,32
1947/04/12,TO,23,55,26,3,43
1947/04/19,TO,57,29,53,36,4
1947/04/26,TO,56,73,70,82,44
1947/05/03,TO,32,62,84,68,69
1947/05/10,TO,11,51,74,15,29
1947/05/17,TO,64,21,66,88,59
1947/05/24,TO,16,84,1,63,30
1947/05/31,TO,30,46,77,42,78
1947/06/07,TO,35,74,87,54,26
1947/06/14,TO,19,18,73,27,56
1947/06/21,TO,22,10,19,58,73
1947/06/28,TO,74,33,89,30,90
1947/07/05,TO,29,5,33,55,47
1947/07/12,TO,70,52,73,46,87
1947/07/19,TO,55,12,87,16,24
1947/07/26,TO,76,33,6,78,17
1947/08/02,TO,2,20,58,38,71
1947/08/09,TO,35,34,43,82,66
1947/08/16,TO,4,85,53,74,56
1947/08/23,TO,51,73,26,1,18
1947/08/30,TO,38,7,49,90,9
1947/09/06,TO,62,26,87,7,50
1947/09/13,TO,1,73,74,5,61
1947/09/20,TO,1,87,52,90,75
1947/09/27,TO,4,54,68,39,56
1947/10/04,TO,7,81,25,38,13
1947/10/11,TO,28,66,36,61,3
1947/10/18,TO,63,51,69,2,77
1947/10/25,TO,45,81,42,75,24
1947/11/01,TO,54,47,13,58,79
1947/11/08,TO,37,29,84,80,20
1947/11/15,TO,8,51,5,23,67
1947/11/22,TO,31,76,38,15,73
1947/11/29,TO,11,56,13,28,78
1947/12/06,TO,8,18,78,44,75
1947/12/13,TO,8,7,67,3,43
1947/12/20,TO,36,38,55,78,3
1947/12/27,TO,13,18,78,73,88
1948/01/03,TO,68,57,89,53,62
1948/01/10,TO,88,11,10,90,78
1948/01/17,TO,90,82,41,76,85
1948/01/24,TO,22,13,60,66,63
1948/01/31,TO,78,40,67,37,69
1948/02/07,TO,2,10,79,54,24
1948/02/14,TO,49,51,65,41,47
1948/02/21,TO,64,81,31,35,47
1948/02/28,TO,47,75,38,76,36
1948/03/06,TO,40,5,65,78,82
1948/03/13,TO,29,14,61,16,86
1948/03/20,TO,28,17,5,60,14
1948/03/27,TO,7,23,56,78,19
1948/04/03,TO,54,20,88,9,42
1948/04/10,TO,39,69,67,20,5
1948/04/17,TO,28,43,56,60,72
1948/04/24,TO,38,5,66,55,86
1948/04/30,TO,69,90,16,30,78
1948/05/08,TO,54,17,23,82,87
1948/05/15,TO,76,60,42,80,37
1948/05/22,TO,49,7,47,37,31
1948/05/29,TO,80,82,81,69,50
1948/06/05,TO,6,46,85,5,68
1948/06/12,TO,85,69,70,25,67
1948/06/19,TO,77,16,53,32,12
1948/06/26,TO,52,9,81,26,61
1948/07/03,TO,13,49,84,19,20
1948/07/10,TO,71,21,4,28,43
1948/07/17,TO,13,29,70,65,35
1948/07/24,TO,62,82,86,36,49
1948/07/31,TO,75,26,28,64,35
1948/08/07,TO,15,39,33,83,63
1948/08/14,TO,23,74,16,65,62
1948/08/21,TO,85,71,17,66,90
1948/08/28,TO,7,40,87,33,37
1948/09/04,TO,43,88,15,52,80
1948/09/11,TO,66,89,49,68,38
1948/09/18,TO,36,84,16,74,10
1948/09/25,TO,88,71,77,37,56
1948/10/02,TO,48,55,27,17,71
1948/10/09,TO,35,12,31,53,44
1948/10/16,TO,81,65,53,17,20
1948/10/23,TO,13,46,68,69,53
1948/10/30,TO,31,9,72,55,11
1948/11/06,TO,14,21,59,28,29
1948/11/13,TO,21,20,11,84,67
1948/11/20,TO,66,44,69,17,37
1948/11/27,TO,50,59,15,55,42
1948/12/04,TO,24,40,42,57,78
1948/12/11,TO,7,68,53,72,1
1948/12/18,TO,30,47,38,59,22
1948/12/24,TO,11,53,56,80,35
1948/12/31,TO,54,38,27,51,39
1949/01/08,TO,30,26,70,84,41
1949/01/15,TO,24,81,52,54,62
1949/01/22,TO,37,29,11,75,46
1949/01/29,TO,12,47,24,9,35
1949/02/05,TO,29,57,8,25,81
1949/02/12,TO,68,31,61,35,62
1949/02/19,TO,32,72,69,43,58
1949/02/26,TO,34,38,88,69,79
1949/03/05,TO,78,25,10,5,74
1949/03/12,TO,39,88,14,31,20
1949/03/19,TO,18,4,28,44,86
1949/03/26,TO,60,68,11,89,86
1949/04/02,TO,13,74,20,29,45
1949/04/09,TO,7,63,35,73,64
1949/04/16,TO,85,54,57,74,36
1949/04/23,TO,59,74,85,61,86
1949/04/30,TO,16,63,4,79,38
1949/05/07,TO,82,85,12,10,11
1949/05/14,TO,16,22,30,57,71
1949/05/21,TO,17,41,26,21,25
1949/05/28,TO,13,32,65,52,18
1949/06/04,TO,22,48,66,8,14
1949/06/11,TO,85,90,62,2,20
1949/06/18,TO,89,82,13,63,64
1949/06/25,TO,1,56,60,73,82
1949/07/02,TO,2,39,13,23,21
1949/07/09,TO,8,57,7,28,81
1949/07/16,TO,54,52,36,87,26
1949/07/23,TO,89,86,42,52,85
1949/07/30,TO,77,75,72,73,33
1949/08/06,TO,61,3,88,70,84
1949/08/13,TO,78,49,15,68,69
1949/08/20,TO,37,18,89,57,24
1949/08/27,TO,49,33,79,8,15
1949/09/03,TO,17,42,20,80,54
1949/09/10,TO,42,68,43,41,63
1949/09/17,TO,16,61,12,6,25
1949/09/24,TO,75,33,36,25,63
1949/10/01,TO,66,86,77,4,55
1949/10/08,TO,69,89,66,53,85
1949/10/15,TO,66,72,40,71,90
1949/10/22,TO,72,2,43,5,21
1949/10/29,TO,34,76,7,83,30
1949/11/05,TO,41,13,67,56,66
1949/11/12,TO,32,2,47,86,15
1949/11/19,TO,34,12,14,77,18
1949/11/26,TO,13,86,4,55,72
1949/12/03,TO,75,52,33,48,10
1949/12/12,TO,25,71,59,65,22
1949/12/17,TO,52,90,34,71,31
1949/12/24,TO,31,47,30,59,83
1949/12/31,TO,83,24,33,73,26
1950/01/07,TO,60,16,13,70,9
1950/01/14,TO,8,46,73,80,79
1950/01/21,TO,7,34,64,72,54
1950/01/28,TO,2,37,34,18,17
1950/02/04,TO,82,16,34,90,55
1950/02/11,TO,4,2,50,31,67
1950/02/18,TO,77,19,12,33,39
1950/02/25,TO,82,16,40,75,11
1950/03/04,TO,15,60,29,58,28
1950/03/11,TO,5,2,59,13,70
1950/03/18,TO,50,6,19,25,11
1950/03/25,TO,53,90,9,29,5
1950/04/01,TO,5,88,47,28,86
1950/04/08,TO,51,49,82,43,78
1950/04/15,TO,1,62,53,50,33
1950/04/22,TO,15,85,32,84,3
1950/04/29,TO,90,5,32,85,9
1950/05/06,TO,11,3,67,7,24
1950/05/13,TO,58,3,52,69,23
1950/05/20,TO,82,81,67,22,63
1950/05/27,TO,85,82,36,8,19
1950/06/03,TO,42,77,61,6,12
1950/06/10,TO,74,53,45,61,1
1950/06/17,TO,44,18,66,21,36
1950/06/24,TO,66,50,40,75,4
1950/07/01,TO,19,86,22,61,49
1950/07/08,TO,21,18,68,28,54
1950/07/15,TO,59,71,31,2,29
1950/07/22,TO,65,31,73,89,44
1950/07/29,TO,68,18,33,26,59
1950/08/05,TO,90,75,69,65,30
1950/08/12,TO,46,75,31,3,68
1950/08/19,TO,21,27,11,57,20
1950/08/26,TO,57,24,54,62,33
1950/09/02,TO,89,81,4,17,8
1950/09/09,TO,59,28,87,73,66
1950/09/16,TO,9,78,42,12,76
1950/09/23,TO,79,51,56,21,48
1950/09/30,TO,27,81,15,70,52
1950/10/07,TO,40,41,71,38,63
1950/10/14,TO,34,22,54,70,11
1950/10/21,TO,43,10,81,42,40
1950/10/28,TO,37,33,11,1,68
1950/11/04,TO,1,30,23,64,83
1950/11/11,TO,70,2,65,81,49
1950/11/18,TO,70,3,63,16,9
1950/11/25,TO,57,64,49,23,24
1950/12/02,TO,64,36,89,67,20
1950/12/09,TO,53,84,13,45,32
1950/12/16,TO,50,2,66,47,20
1950/12/23,TO,23,52,5,27,18
1950/12/30,TO,75,14,18,48,56
1951/01/06,TO,10,6,52,58,45
1951/01/13,TO,71,3,86,4,23
1951/01/20,TO,11,69,80,12,51
1951/01/27,TO,27,26,21,37,63
1951/02/03,TO,5,56,21,40,33
1951/02/10,TO,53,34,12,70,45
1951/02/17,TO,35,19,20,24,56
1951/02/24,TO,88,82,76,17,87
1951/03/03,TO,40,49,66,65,58
1951/03/10,TO,52,34,19,7,26
1951/03/17,TO,78,45,77,70,30
1951/03/24,TO,52,81,32,35,40
1951/03/31,TO,41,45,38,52,1
1951/04/07,TO,13,14,53,19,78
1951/04/14,TO,84,11,88,58,33
1951/04/21,TO,18,66,21,89,71
1951/04/28,TO,50,54,9,68,82
1951/05/05,TO,37,77,4,11,15
1951/05/12,TO,36,33,65,74,56
1951/05/19,TO,43,30,2,56,54
1951/05/26,TO,84,88,86,9,37
1951/06/01,TO,22,18,42,54,65
1951/06/09,TO,38,50,43,45,79
1951/06/16,TO,83,68,85,51,52
1951/06/23,TO,36,29,16,60,25
1951/06/30,TO,8,12,16,66,35
1951/07/07,TO,86,54,35,77,25
1951/07/14,TO,54,62,69,26,41
1951/07/21,TO,4,16,26,48,30
1951/07/28,TO,68,59,82,39,78
1951/08/04,TO,57,1,67,12,73
1951/08/11,TO,72,79,52,3,2
1951/08/18,TO,54,81,19,41,39
1951/08/25,TO,32,55,64,63,30
1951/09/01,TO,64,27,23,6,65
1951/09/08,TO,79,17,20,34,36
1951/09/15,TO,85,49,43,46,6
1951/09/22,TO,15,39,19,27,4
1951/09/29,TO,62,32,40,61,70
1951/10/06,TO,83,3,27,80,41
1951/10/13,TO,17,86,89,42,49
1951/10/20,TO,7,40,16,39,21
1951/10/27,TO,70,45,9,44,4
1951/11/03,TO,35,25,20,14,43
1951/11/10,TO,11,42,18,51,77
1951/11/17,TO,11,77,34,12,62
1951/11/24,TO,86,24,84,39,88
1951/12/01,TO,27,48,58,78,24
1951/12/10,TO,57,19,48,66,58
1951/12/15,TO,45,83,39,70,42
1951/12/22,TO,6,48,83,9,3
1951/12/28,TO,54,56,58,70,82
1952/01/05,TO,42,8,32,51,84
1952/01/12,TO,43,8,79,40,5
1952/01/19,TO,44,45,8,16,51
1952/01/26,TO,26,5,20,10,52
1952/02/02,TO,89,24,13,21,4
1952/02/09,TO,89,19,31,47,59
1952/02/16,TO,32,10,40,48,8
1952/02/23,TO,53,20,19,88,81
1952/03/01,TO,13,36,26,19,4
1952/03/08,TO,27,7,48,25,17
1952/03/15,TO,6,62,73,55,68
1952/03/22,TO,72,29,31,90,14
1952/03/29,TO,43,23,89,2,4
1952/04/05,TO,58,41,47,7,25
1952/04/12,TO,49,76,79,67,19
1952/04/19,TO,66,71,40,52,15
1952/04/26,TO,57,62,14,45,77
1952/05/03,TO,16,39,36,70,22
1952/05/10,TO,81,24,22,16,11
1952/05/17,TO,14,61,77,72,9
1952/05/24,TO,50,82,21,30,46
1952/05/31,TO,51,39,54,6,60
1952/06/07,TO,45,27,84,43,47
1952/06/14,TO,1,25,46,52,20
1952/06/21,TO,55,68,16,25,63
1952/06/28,TO,29,80,37,86,73
1952/07/05,TO,84,83,14,16,60
1952/07/12,TO,77,40,55,85,28
1952/07/19,TO,20,80,73,89,44
1952/07/26,TO,73,63,43,57,62
1952/08/02,TO,68,76,16,78,54
1952/08/09,TO,25,22,15,79,53
1952/08/16,TO,30,86,46,49,14
1952/08/23,TO,9,20,66,51,75
1952/08/30,TO,59,43,60,78,89
1952/09/06,TO,29,82,44,42,71
1952/09/13,TO,63,88,25,4,51
1952/09/20,TO,56,17,61,81,22
1952/09/27,TO,72,6,79,40,30
1952/10/04,TO,70,25,67,16,3
1952/10/11,TO,60,49,10,33,73
1952/10/18,TO,30,23,53,29,5
1952/10/25,TO,79,43,82,24,60
1952/11/03,TO,4,37,47,52,18
1952/11/08,TO,39,50,86,18,38
1952/11/15,TO,3,59,44,52,17
1952/11/22,TO,64,3,50,76,66
1952/11/29,TO,6,27,72,35,81
1952/12/06,TO,59,69,74,49,88
1952/12/13,TO,87,60,27,45,72
1952/12/20,TO,83,59,48,55,33
1952/12/29,TO,2,15,83,1,37
1953/01/03,TO,46,67,88,20,89
1953/01/10,TO,60,90,53,68,45
1953/01/17,TO,59,83,58,82,4
1953/01/24,TO,11,81,67,22,82
1953/01/31,TO,45,54,53,48,19
1953/02/07,TO,75,80,38,13,79
1953/02/14,TO,4,42,33,61,32
1953/02/21,TO,55,9,90,86,70
1953/02/28,TO,71,14,63,31,12
1953/03/07,TO,78,53,20,14,48
1953/03/14,TO,80,73,20,87,85
1953/03/21,TO,46,81,18,16,17
1953/03/28,TO,17,79,74,13,10
1953/04/04,TO,80,13,15,36,64
1953/04/11,TO,81,62,75,44,80
1953/04/18,TO,77,20,32,62,55
1953/04/25,TO,56,83,45,75,63
1953/05/02,TO,39,5,31,34,7
1953/05/09,TO,43,48,89,35,88
1953/05/16,TO,78,51,89,80,36
1953/05/23,TO,65,85,80,87,79
1953/05/30,TO,61,7,24,83,19
1953/06/06,TO,38,76,82,47,40
1953/06/13,TO,22,85,50,52,81
1953/06/20,TO,1,72,78,88,47
1953/06/27,TO,14,6,58,26,2
1953/07/04,TO,13,47,64,24,72
1953/07/11,TO,23,59,38,14,21
1953/07/18,TO,74,43,50,64,33
1953/07/25,TO,47,12,49,71,8
1953/08/01,TO,34,84,32,48,65
1953/08/08,TO,10,72,17,65,67
1953/08/14,TO,51,66,76,41,27
1953/08/22,TO,76,46,59,32,21
1953/08/29,TO,21,39,33,79,43
1953/09/05,TO,71,47,54,53,5
1953/09/12,TO,82,6,47,37,60
1953/09/19,TO,19,39,25,75,76
1953/09/26,TO,88,67,85,74,9
1953/10/03,TO,51,59,68,39,53
1953/10/10,TO,18,79,77,24,38
1953/10/17,TO,90,70,4,25,89
1953/10/24,TO,70,51,80,58,83
1953/10/31,TO,27,24,23,7,57
1953/11/07,TO,63,20,53,14,33
1953/11/14,TO,8,45,31,12,55
1953/11/21,TO,89,34,60,37,5
1953/11/28,TO,12,77,64,33,7
1953/12/05,TO,75,79,88,70,25
1953/12/12,TO,70,18,68,25,78
1953/12/19,TO,69,43,60,77,85
1953/12/28,TO,25,23,74,58,21
1954/01/02,TO,32,27,74,39,71
1954/01/09,TO,25,78,18,86,57
1954/01/16,TO,3,75,62,57,64
1954/01/23,TO,8,83,13,61,35
1954/01/30,TO,30,13,65,76,61
1954/02/06,TO,4,12,18,13,71
1954/02/13,TO,25,4,21,81,44
1954/02/20,TO,87,31,58,41,39
1954/02/27,TO,23,19,39,18,83
1954/03/06,TO,24,53,55,28,83
1954/03/13,TO,43,61,8,10,47
1954/03/20,TO,40,68,35,47,74
1954/03/27,TO,83,68,44,21,37
1954/04/03,TO,25,26,44,37,21
1954/04/10,TO,89,48,34,64,30
1954/04/17,TO,89,63,76,77,43
1954/04/24,TO,81,5,32,70,76
1954/04/30,TO,60,11,28,7,39
1954/05/08,TO,58,9,69,13,40
1954/05/15,TO,77,88,89,45,61
1954/05/22,TO,75,62,80,18,9
1954/05/29,TO,33,16,41,18,69
1954/06/05,TO,13,14,32,68,75
1954/06/12,TO,63,4,78,86,20
1954/06/19,TO,11,88,56,5,2
1954/06/26,TO,34,42,37,19,3
1954/07/03,TO,7,75,4,45,39
1954/07/10,TO,73,25,17,28,10
1954/07/17,TO,37,19,81,67,26
1954/07/24,TO,61,74,59,34,15
1954/07/31,TO,80,8,6,36,50
1954/08/07,TO,68,15,61,23,70
1954/08/14,TO,15,17,28,57,2
1954/08/21,TO,33,59,23,16,7
1954/08/28,TO,10,39,12,15,79
1954/09/04,TO,87,30,18,5,68
1954/09/11,TO,70,23,57,52,86
1954/09/18,TO,6,55,35,71,53
1954/09/25,TO,62,22,70,82,3
1954/10/02,TO,29,44,42,10,74
1954/10/09,TO,48,4,70,57,53
1954/10/16,TO,35,17,5,44,30
1954/10/23,TO,60,61,44,56,90
1954/10/30,TO,10,70,85,46,71
1954/11/06,TO,20,36,47,75,1
1954/11/13,TO,23,30,83,39,31
1954/11/20,TO,19,1,60,49,28
1954/11/27,TO,89,83,63,4,30
1954/12/04,TO,65,76,8,73,63
1954/12/11,TO,53,45,48,32,41
1954/12/18,TO,50,71,84,56,15
1954/12/24,TO,29,61,19,51,20
1954/12/31,TO,47,41,6,16,4
1955/01/08,TO,8,83,44,89,40
1955/01/15,TO,10,1,43,67,18
1955/01/22,TO,78,41,75,12,82
1955/01/29,TO,20,80,60,34,50
1955/02/05,TO,67,73,78,15,53
1955/02/12,TO,5,60,67,12,2
1955/02/19,TO,29,55,45,2,17
1955/02/26,TO,23,25,85,42,3
1955/03/05,TO,81,61,17,50,5
1955/03/12,TO,5,48,70,54,24
1955/03/19,TO,19,23,50,82,85
1955/03/26,TO,50,43,74,4,17
1955/04/02,TO,74,1,59,35,61
1955/04/09,TO,80,89,47,31,10
1955/04/16,TO,6,79,80,30,27
1955/04/23,TO,2,60,82,49,28
1955/04/30,TO,6,14,70,31,16
1955/05/07,TO,51,20,64,73,11
1955/05/14,TO,12,19,5,62,15
1955/05/21,TO,29,8,78,39,64
1955/05/28,TO,73,69,28,54,32
1955/06/04,TO,83,73,88,29,41
1955/06/11,TO,5,45,52,18,25
1955/06/18,TO,50,71,22,26,46
1955/06/25,TO,40,31,32,39,27
1955/07/02,TO,63,83,84,19,42
1955/07/09,TO,62,12,18,82,74
1955/07/16,TO,54,53,40,68,23
1955/07/23,TO,83,72,30,69,9
1955/07/30,TO,24,38,89,60,84
1955/08/06,TO,5,57,16,4,35
1955/08/13,TO,81,23,40,1,83
1955/08/20,TO,17,24,27,53,18
1955/08/27,TO,60,49,11,62,47
1955/09/03,TO,29,76,31,89,20
1955/09/10,TO,83,43,56,78,84
1955/09/17,TO,65,19,41,39,3
1955/09/24,TO,74,19,42,70,58
1955/10/01,TO,45,60,80,19,76
1955/10/08,TO,18,12,80,45,64
1955/10/15,TO,15,56,86,10,45
1955/10/22,TO,1,2,90,79,63
1955/10/29,TO,50,11,70,23,71
1955/11/05,TO,79,29,48,54,74
1955/11/12,TO,59,58,64,42,62
1955/11/19,TO,67,78,2,19,68
1955/11/26,TO,77,1,71,15,70
1955/12/03,TO,33,51,55,36,12
1955/12/10,TO,7,50,56,71,41
1955/12/17,TO,73,83,66,39,74
1955/12/24,TO,70,24,76,62,30
1955/12/31,TO,35,40,33,14,41
1956/01/07,TO,16,38,41,46,70
1956/01/14,TO,67,74,51,53,85
1956/01/21,TO,6,81,9,25,67
1956/01/28,TO,12,89,25,22,82
1956/02/04,TO,16,8,86,80,89
1956/02/11,TO,39,61,36,67,48
1956/02/18,TO,84,20,37,57,11
1956/02/25,TO,36,41,39,52,47
1956/03/03,TO,40,20,24,49,51
1956/03/10,TO,21,50,82,80,19
1956/03/17,TO,52,29,58,11,39
1956/03/24,TO,30,23,50,89,49
1956/03/31,TO,3,80,28,27,22
1956/04/07,TO,64,8,88,30,61
1956/04/14,TO,69,78,37,53,42
1956/04/21,TO,68,46,63,76,41
1956/04/28,TO,70,47,2,12,4
1956/05/05,TO,30,38,56,73,15
1956/05/12,TO,62,68,69,57,23
1956/05/19,TO,36,6,7,61,12
1956/05/26,TO,65,49,23,77,4
1956/06/02,TO,73,81,10,30,16
1956/06/09,TO,41,87,47,89,1
1956/06/16,TO,73,78,75,88,31
1956/06/23,TO,50,75,72,34,87
1956/06/30,TO,78,39,71,81,6
1956/07/07,TO,80,21,89,78,10
1956/07/14,TO,24,60,68,38,31
1956/07/21,TO,81,68,12,89,45
1956/07/28,TO,47,27,8,10,66
1956/08/04,TO,78,88,73,70,35
1956/08/11,TO,33,67,49,10,66
1956/08/18,TO,78,76,30,1,74
1956/08/25,TO,23,42,60,46,49
1956/09/01,TO,8,85,90,60,14
1956/09/08,TO,85,81,33,19,56
1956/09/15,TO,12,65,55,3,36
1956/09/22,TO,14,30,47,20,55
1956/09/29,TO,46,68,23,7,39
1956/10/06,TO,57,40,28,41,26
1956/10/13,TO,35,22,14,56,88
1956/10/20,TO,34,42,26,40,71
1956/10/27,TO,43,13,86,20,62
1956/11/03,TO,90,46,51,34,36
1956/11/10,TO,84,6,67,24,63
1956/11/17,TO,13,15,50,80,26
1956/11/24,TO,70,79,30,73,24
1956/12/01,TO,81,37,90,68,57
1956/12/07,TO,34,30,23,18,35
1956/12/15,TO,79,46,22,66,74
1956/12/22,TO,86,69,63,72,59
1956/12/29,TO,86,12,63,85,54
1957/01/05,TO,44,21,23,83,73
1957/01/12,TO,87,26,43,59,53
1957/01/19,TO,61,18,19,70,63
1957/01/26,TO,51,50,40,72,74
1957/02/02,TO,85,63,56,53,17
1957/02/09,TO,53,2,26,78,66
1957/02/16,TO,58,28,32,34,49
1957/02/23,TO,90,80,41,34,4
1957/03/02,TO,41,20,68,34,81
1957/03/09,TO,41,57,75,25,74
1957/03/16,TO,47,70,80,35,57
1957/03/23,TO,60,10,41,56,45
1957/03/30,TO,30,1,87,48,9
1957/04/06,TO,45,44,88,20,22
1957/04/13,TO,72,42,66,29,62
1957/04/20,TO,22,70,34,79,32
1957/04/27,TO,60,29,53,20,30
1957/05/04,TO,64,43,44,59,29
1957/05/11,TO,38,8,76,4,18
1957/05/18,TO,46,85,54,15,69
1957/05/25,TO,10,53,73,6,38
1957/06/01,TO,6,64,28,10,34
1957/06/08,TO,13,29,30,52,63
1957/06/15,TO,27,30,21,1,35
1957/06/22,TO,50,14,26,36,90
1957/06/28,TO,8,64,2,72,41
1957/07/06,TO,84,26,54,55,21
1957/07/13,TO,27,76,13,12,24
1957/07/20,TO,51,74,9,72,46
1957/07/27,TO,25,40,55,38,89
1957/08/03,TO,73,31,63,55,48
1957/08/10,TO,86,9,76,61,18
1957/08/17,TO,71,61,65,20,16
1957/08/24,TO,60,19,82,35,86
1957/08/31,TO,13,71,42,19,5
1957/09/07,TO,60,30,76,82,40
1957/09/14,TO,53,8,79,89,68
1957/09/21,TO,73,67,41,83,80
1957/09/28,TO,47,74,85,37,27
1957/10/05,TO,17,80,22,56,77
1957/10/12,TO,83,58,6,54,13
1957/10/19,TO,85,2,7,4,64
1957/10/26,TO,80,46,76,24,49
1957/11/02,TO,44,34,14,84,57
1957/11/09,TO,81,74,71,32,30
1957/11/16,TO,14,15,67,19,6
1957/11/23,TO,2,14,8,15,82
1957/11/30,TO,35,1,90,12,28
1957/12/07,TO,84,36,86,71,80
1957/12/14,TO,52,89,77,19,48
1957/12/21,TO,44,28,9,31,30
1957/12/28,TO,89,33,65,47,64
1958/01/04,TO,69,22,18,84,52
1958/01/11,TO,81,12,16,64,55
1958/01/18,TO,71,64,14,19,88
1958/01/25,TO,64,78,69,30,75
1958/02/01,TO,33,85,69,31,13
1958/02/08,TO,69,15,28,35,62
1958/02/15,TO,61,30,75,86,44
1958/02/22,TO,30,33,87,5,34
1958/03/01,TO,12,86,64,59,45
1958/03/08,TO,46,51,65,43,67
1958/03/15,TO,61,70,21,59,88
1958/03/22,TO,9,46,69,54,16
1958/03/29,TO,57,61,90,87,30
1958/04/05,TO,34,87,80,45,79
1958/04/12,TO,75,70,20,49,71
1958/04/19,TO,39,50,73,62,90
1958/04/26,TO,24,70,85,75,35
1958/05/03,TO,81,11,59,54,63
1958/05/10,TO,11,60,22,27,64
1958/05/17,TO,13,31,60,1,88
1958/05/24,TO,43,50,58,25,11
1958/05/31,TO,3,88,39,56,54
1958/06/07,TO,84,54,22,37,74
1958/06/14,TO,39,62,80,90,87
1958/06/21,TO,87,45,58,60,79
1958/06/28,TO,21,69,29,71,22
1958/07/05,TO,3,36,77,74,45
1958/07/12,TO,8,78,12,58,89
1958/07/19,TO,64,68,26,53,10
1958/07/26,TO,56,12,46,32,75
1958/08/02,TO,35,49,9,52,85
1958/08/09,TO,72,42,16,31,17
1958/08/16,TO,31,70,88,87,56
1958/08/23,TO,82,72,34,6,50
1958/08/30,TO,36,17,26,75,66
1958/09/06,TO,13,60,17,3,16
1958/09/13,TO,7,32,12,21,18
1958/09/20,TO,21,27,26,19,70
1958/09/27,TO,85,90,76,89,39
1958/10/04,TO,74,48,49,5,56
1958/10/11,TO,30,84,72,35,49
1958/10/18,TO,2,47,37,3,89
1958/10/25,TO,56,28,1,44,59
1958/11/01,TO,15,33,41,67,66
1958/11/08,TO,31,41,48,22,33
1958/11/15,TO,51,5,77,43,31
1958/11/22,TO,17,90,15,35,78
1958/11/29,TO,59,67,42,73,68
1958/12/06,TO,39,7,21,63,79
1958/12/13,TO,50,30,2,86,40
1958/12/20,TO,23,37,67,79,55
1958/12/27,TO,21,5,78,47,75
1959/01/03,TO,83,48,60,57,55
1959/01/10,TO,43,89,71,63,17
1959/01/17,TO,53,16,42,20,28
1959/01/24,TO,16,57,5,52,61
1959/01/31,TO,88,67,69,37,27
1959/02/07,TO,4,76,82,42,73
1959/02/14,TO,44,24,8,48,69
1959/02/21,TO,90,10,80,60,51
1959/02/28,TO,72,62,42,49,82
1959/03/07,TO,76,29,63,66,31
1959/03/14,TO,55,86,11,47,16
1959/03/21,TO,68,77,46,39,28
1959/03/28,TO,14,38,41,83,85
1959/04/04,TO,76,84,46,86,28
1959/04/11,TO,50,31,70,23,30
1959/04/18,TO,31,89,16,84,9
1959/04/27,TO,76,44,16,83,27
1959/05/04,TO,28,64,56,42,66
1959/05/09,TO,3,46,47,23,21
1959/05/16,TO,68,57,79,17,12
1959/05/23,TO,22,46,3,25,50
1959/05/30,TO,71,40,60,12,72
1959/06/06,TO,65,85,77,25,48
1959/06/13,TO,3,62,79,34,18
1959/06/20,TO,56,59,11,70,46
1959/06/27,TO,80,70,87,50,14
1959/07/04,TO,15,24,63,57,4
1959/07/11,TO,25,41,58,69,89
1959/07/18,TO,8,13,25,51,37
1959/07/25,TO,22,63,8,6,50
1959/08/01,TO,2,43,5,34,89
1959/08/08,TO,52,26,28,32,46
1959/08/17,TO,39,13,88,30,45
1959/08/22,TO,1,61,16,15,37
1959/08/29,TO,28,67,30,47,12
1959/09/05,TO,76,39,59,82,74
1959/09/12,TO,69,3,76,4,14
1959/09/19,TO,80,18,42,66,10
1959/09/26,TO,35,69,90,24,39
1959/10/03,TO,16,56,3,65,28
1959/10/10,TO,31,64,49,46,7
1959/10/17,TO,79,76,45,63,31
1959/10/24,TO,6,36,26,48,27
1959/10/31,TO,1,12,84,18,81
1959/11/07,TO,69,66,23,57,55
1959/11/14,TO,34,83,31,27,1
1959/11/21,TO,32,33,12,71,70
1959/11/28,TO,52,63,67,1,7
1959/12/05,TO,74,58,88,73,48
1959/12/12,TO,11,22,78,65,83
1959/12/19,TO,63,80,53,55,19
1959/12/28,TO,42,20,62,60,87
1960/01/04,TO,25,51,58,8,27
1960/01/09,TO,84,76,34,88,60
1960/01/16,TO,24,49,70,79,32
1960/01/23,TO,50,45,21,11,62
1960/01/30,TO,81,76,55,35,25
1960/02/06,TO,58,87,20,34,88
1960/02/13,TO,3,32,39,80,46
1960/02/20,TO,73,41,36,69,55
1960/02/27,TO,44,1,82,20,89
1960/03/05,TO,27,84,44,69,43
1960/03/12,TO,62,7,47,23,61
1960/03/21,TO,60,3,73,88,25
1960/03/26,TO,3,77,82,2,57
1960/04/02,TO,41,68,2,87,8
1960/04/09,TO,19,27,58,35,23
1960/04/16,TO,48,4,11,46,14
1960/04/23,TO,77,46,33,50,35
1960/04/30,TO,55,82,28,39,38
1960/05/07,TO,11,61,75,53,23
1960/05/14,TO,81,32,20,62,84
1960/05/21,TO,31,73,18,9,6
1960/05/28,TO,86,40,8,45,62
1960/06/04,TO,1,45,74,28,68
1960/06/11,TO,36,63,3,38,27
1960/06/18,TO,34,64,60,84,45
1960/06/25,TO,77,51,81,11,67
1960/07/02,TO,60,90,6,81,38
1960/07/09,TO,83,47,90,50,79
1960/07/16,TO,83,65,85,60,19
1960/07/23,TO,67,7,10,88,80
1960/07/30,TO,80,4,55,47,25
1960/08/06,TO,32,20,83,7,6
1960/08/13,TO,7,41,9,14,86
1960/08/20,TO,24,50,11,18,42
1960/08/27,TO,27,30,89,33,2
1960/09/03,TO,76,86,26,21,88
1960/09/10,TO,20,74,15,56,1
1960/09/17,TO,25,9,61,72,41
1960/09/24,TO,21,15,49,4,76
1960/10/01,TO,75,9,38,15,2
1960/10/08,TO,8,35,76,59,45
1960/10/15,TO,53,28,38,16,75
1960/10/22,TO,43,83,32,85,38
1960/10/29,TO,44,89,54,58,65
1960/11/07,TO,24,82,67,68,75
1960/11/12,TO,12,37,11,55,17
1960/11/19,TO,42,14,19,70,51
1960/11/26,TO,38,82,6,8,39
1960/12/03,TO,61,90,73,7,53
1960/12/10,TO,83,59,90,86,19
1960/12/17,TO,48,49,13,88,59
1960/12/24,TO,61,24,53,89,84
1960/12/31,TO,37,80,36,86,88
1961/01/09,TO,76,32,35,43,87
1961/01/14,TO,43,64,41,79,1
1961/01/21,TO,90,88,67,58,5
1961/01/28,TO,2,61,34,14,58
1961/02/04,TO,47,44,13,90,77
1961/02/11,TO,79,59,26,15,60
1961/02/18,TO,89,42,73,53,11
1961/02/25,TO,19,38,34,53,4
1961/03/04,TO,28,63,50,4,11
1961/03/11,TO,90,21,4,18,83
1961/03/18,TO,15,22,17,78,12
1961/03/25,TO,41,13,71,38,48
1961/04/01,TO,33,53,81,50,38
1961/04/08,TO,33,71,26,56,5
1961/04/15,TO,82,59,85,21,2
1961/04/22,TO,16,12,31,38,11
1961/04/29,TO,90,55,19,75,51
1961/05/06,TO,11,88,75,23,7
1961/05/13,TO,1,83,5,84,48
1961/05/20,TO,8,47,74,43,46
1961/05/27,TO,85,5,33,49,81
1961/06/05,TO,47,65,45,77,50
1961/06/17,TO,48,15,36,27,74
1961/06/24,TO,7,84,18,53,73
1961/07/01,TO,11,21,49,80,84
1961/07/08,TO,36,11,66,89,30
1961/07/15,TO,45,31,43,83,2
1961/07/22,TO,85,78,64,24,67
1961/07/29,TO,45,1,36,61,90
1961/08/05,TO,64,61,81,75,4
1961/08/12,TO,11,62,19,12,63
1961/08/19,TO,8,78,31,54,61
1961/08/26,TO,6,34,63,78,76
1961/09/02,TO,44,63,23,17,33
1961/09/09,TO,76,74,85,14,79
1961/09/16,TO,74,7,11,30,29
1961/09/23,TO,32,2,18,70,66
1961/09/30,TO,46,72,19,62,48
1961/10/07,TO,87,58,13,73,19
1961/10/14,TO,63,3,70,66,82
1961/10/21,TO,75,82,57,38,39
1961/10/28,TO,53,57,39,67,86
1961/11/06,TO,74,65,9,84,86
1961/11/11,TO,41,11,29,4,88
1961/11/18,TO,14,60,8,47,39
1961/11/25,TO,90,32,22,54,79
1961/12/02,TO,60,56,45,12,10
1961/12/11,TO,63,28,65,90,51
1961/12/16,TO,20,81,61,13,34
1961/12/23,TO,87,6,21,10,63
1961/12/30,TO,52,79,46,77,82
1962/01/08,TO,13,74,88,43,36
1962/01/13,TO,60,39,12,65,30
1962/01/20,TO,11,61,88,15,79
1962/01/27,TO,79,49,37,32,24
1962/02/03,TO,75,82,81,34,17
1962/02/10,TO,17,85,82,49,2
1962/02/17,TO,5,82,49,18,17
1962/02/24,TO,14,71,17,28,60
1962/03/03,TO,40,88,4,51,81
1962/03/10,TO,20,61,60,46,10
1962/03/17,TO,37,69,8,47,81
1962/03/24,TO,73,8,65,15,54
1962/03/31,TO,64,43,84,23,90
1962/04/07,TO,46,30,28,86,41
1962/04/14,TO,55,76,64,66,57
1962/04/21,TO,76,40,90,28,47
1962/04/28,TO,53,8,37,64,11
1962/05/05,TO,3,22,69,11,48
1962/05/12,TO,67,37,42,9,31
1962/05/19,TO,43,60,63,8,49
1962/05/26,TO,63,71,83,48,4
1962/06/04,TO,70,5,1,10,81
1962/06/09,TO,16,29,32,78,63
1962/06/16,TO,12,18,45,68,66
1962/06/23,TO,66,23,73,41,86
1962/06/30,TO,15,57,29,49,51
1962/07/07,TO,48,33,9,6,64
1962/07/14,TO,82,48,5,32,40
1962/07/21,TO,80,69,66,36,24
1962/07/28,TO,42,87,20,73,33
1962/08/04,TO,2,42,52,20,86
1962/08/11,TO,17,20,88,40,74
1962/08/18,TO,31,80,28,89,51
1962/08/25,TO,76,73,50,1,86
1962/09/01,TO,36,89,84,7,14
1962/09/08,TO,82,90,11,88,54
1962/09/15,TO,3,14,36,52,71
1962/09/22,TO,39,41,66,42,80
1962/09/29,TO,55,86,5,62,67
1962/10/06,TO,13,72,4,88,81
1962/10/13,TO,73,60,30,57,43
1962/10/20,TO,38,51,70,3,15
1962/10/27,TO,71,60,43,83,44
1962/11/03,TO,56,88,39,16,14
1962/11/10,TO,1,57,39,27,8
1962/11/17,TO,84,6,80,39,28
1962/11/24,TO,66,75,43,68,63
1962/12/01,TO,56,55,42,15,86
1962/12/10,TO,21,88,47,54,19
1962/12/15,TO,49,85,1,69,54
1962/12/22,TO,29,64,69,53,79
1962/12/29,TO,53,87,40,41,63
1963/01/05,TO,90,68,41,65,76
1963/01/12,TO,53,46,37,42,25
1963/01/19,TO,7,69,64,30,85
1963/01/26,TO,68,4,55,79,20
1963/02/02,TO,49,35,15,83,25
1963/02/09,TO,1,80,6,37,90
1963/02/16,TO,17,41,66,35,46
1963/02/23,TO,81,23,76,41,20
1963/03/02,TO,26,62,76,65,9
1963/03/09,TO,33,54,59,61,58
1963/03/16,TO,69,55,5,35,30
1963/03/23,TO,75,48,21,51,80
1963/03/30,TO,66,33,73,74,71
1963/04/06,TO,73,32,67,21,22
1963/04/13,TO,84,19,17,15,63
1963/04/20,TO,2,13,90,58,37
1963/04/27,TO,79,31,84,16,33
1963/05/04,TO,21,24,7,61,15
1963/05/11,TO,48,19,36,34,6
1963/05/18,TO,81,12,21,82,13
1963/05/25,TO,47,17,21,23,31
1963/06/01,TO,35,23,55,65,50
1963/06/08,TO,79,14,44,31,73
1963/06/15,TO,87,62,76,6,12
1963/06/22,TO,77,21,26,54,10
1963/07/01,TO,71,27,29,72,4
1963/07/06,TO,11,53,60,51,67
1963/07/13,TO,11,77,24,83,32
1963/07/20,TO,43,89,5,17,75
1963/07/27,TO,2,36,50,1,10
1963/08/03,TO,30,60,85,39,73
1963/08/10,TO,40,34,41,84,74
1963/08/17,TO,79,27,60,59,33
1963/08/24,TO,12,59,83,74,47
1963/08/31,TO,63,84,57,30,21
1963/09/07,TO,21,19,56,53,86
1963/09/14,TO,57,81,43,76,51
1963/09/21,TO,58,69,4,60,47
1963/09/28,TO,66,57,36,79,84
1963/10/05,TO,13,85,69,67,45
1963/10/12,TO,30,32,25,16,24
1963/10/19,TO,44,72,1,11,67
1963/10/26,TO,85,86,79,62,47
1963/11/02,TO,18,62,61,28,13
1963/11/09,TO,38,40,7,16,30
1963/11/16,TO,11,75,67,48,33
1963/11/23,TO,14,60,48,21,67
1963/11/30,TO,7,54,5,80,40
1963/12/07,TO,77,60,23,2,84
1963/12/14,TO,50,39,45,16,68
1963/12/21,TO,25,83,78,65,41
1963/12/28,TO,17,39,83,31,5
1964/01/04,TO,35,18,20,10,49
1964/01/11,TO,37,2,25,70,86
1964/01/18,TO,20,38,11,81,7
1964/01/25,TO,67,23,1,89,39
1964/02/01,TO,39,27,81,28,34
1964/02/08,TO,18,45,88,22,90
1964/02/15,TO,25,53,2,80,44
1964/02/22,TO,13,31,22,88,70
1964/02/29,TO,89,59,88,39,87
1964/03/07,TO,20,82,19,67,29
1964/03/14,TO,59,21,83,17,22
1964/03/21,TO,86,27,26,8,82
1964/03/28,TO,34,45,33,86,2
1964/04/07,TO,3,16,60,21,12
1964/04/11,TO,68,35,69,76,37
1964/04/18,TO,77,57,55,1,24
1964/04/27,TO,59,33,24,20,35
1964/05/04,TO,59,1,20,74,81
1964/05/09,TO,73,77,65,44,5
1964/05/16,TO,80,65,40,18,32
1964/05/23,TO,82,54,38,70,74
1964/05/30,TO,50,19,29,73,64
1964/06/06,TO,66,37,7,86,10
1964/06/13,TO,31,4,1,7,65
1964/06/20,TO,47,11,39,5,73
1964/06/27,TO,56,79,15,36,76
1964/07/04,TO,1,87,70,77,83
1964/07/11,TO,81,17,33,27,82
1964/07/18,TO,11,74,35,22,82
1964/07/25,TO,85,87,29,84,65
1964/08/01,TO,7,5,59,1,38
1964/08/08,TO,7,63,44,27,21
1964/08/17,TO,34,36,31,23,32
1964/08/22,TO,79,31,1,7,23
1964/08/29,TO,84,79,58,27,41
1964/09/05,TO,4,74,53,57,81
1964/09/12,TO,88,13,4,43,44
1964/09/19,TO,69,26,72,33,9
1964/09/26,TO,80,60,16,69,54
1964/10/03,TO,9,34,42,57,28
1964/10/10,TO,9,18,66,60,6
1964/10/17,TO,61,68,39,67,35
1964/10/24,TO,25,43,7,28,86
1964/10/31,TO,33,14,56,24,6
1964/11/07,TO,40,39,67,79,77
1964/11/14,TO,85,6,15,65,66
1964/11/21,TO,53,54,60,79,24
1964/11/28,TO,8,21,62,78,85
1964/12/05,TO,3,47,73,83,46
1964/12/12,TO,62,49,61,57,50
1964/12/19,TO,41,65,57,49,66
1964/12/28,TO,57,28,80,65,26
1965/01/02,TO,42,54,59,27,60
1965/01/09,TO,14,6,65,21,50
1965/01/16,TO,40,72,66,79,68
1965/01/23,TO,28,68,18,15,46
1965/01/30,TO,43,26,88,54,9
1965/02/06,TO,66,52,49,64,10
1965/02/13,TO,45,78,85,12,19
1965/02/20,TO,53,15,14,5,24
1965/02/27,TO,49,74,85,7,51
1965/03/06,TO,5,11,81,77,22
1965/03/13,TO,64,53,73,38,74
1965/03/20,TO,55,6,56,81,74
1965/03/27,TO,30,70,38,49,78
1965/04/03,TO,65,39,61,62,19
1965/04/10,TO,85,57,14,72,43
1965/04/17,TO,81,7,66,59,60
1965/04/24,TO,17,65,2,35,56
1965/04/30,TO,89,51,65,68,72
1965/05/08,TO,84,53,23,74,36
1965/05/15,TO,86,44,7,48,72
1965/05/22,TO,65,23,6,10,4
1965/05/29,TO,42,51,1,62,48
1965/06/05,TO,13,15,44,1,60
1965/06/12,TO,19,42,26,31,14
1965/06/19,TO,75,23,6,19,41
1965/06/26,TO,61,18,29,38,83
1965/07/03,TO,44,19,68,61,27
1965/07/10,TO,23,79,17,54,73
1965/07/17,TO,78,32,44,33,1
1965/07/24,TO,58,55,30,3,10
1965/07/31,TO,21,38,7,58,73
1965/08/07,TO,69,37,2,20,54
1965/08/14,TO,74,59,56,64,68
1965/08/21,TO,6,19,61,45,59
1965/08/28,TO,44,25,80,6,42
1965/09/04,TO,12,40,52,56,15
1965/09/11,TO,10,8,46,24,2
1965/09/18,TO,40,25,48,7,2
1965/09/25,TO,64,86,62,44,17
1965/10/02,TO,62,12,70,7,85
1965/10/09,TO,50,63,86,30,84
1965/10/16,TO,15,49,87,55,14
1965/10/23,TO,64,40,30,48,53
1965/10/30,TO,35,18,60,68,69
1965/11/06,TO,65,69,58,19,77
1965/11/13,TO,81,7,19,5,45
1965/11/20,TO,57,85,40,27,86
1965/11/27,TO,9,6,73,36,59
1965/12/04,TO,61,10,80,66,22
1965/12/11,TO,15,53,46,14,18
1965/12/18,TO,10,29,47,76,11
1965/12/24,TO,67,90,22,55,77
1966/01/03,TO,66,84,16,54,57
1966/01/08,TO,44,65,79,23,61
1966/01/15,TO,16,39,75,45,23
1966/01/22,TO,27,22,84,75,41
1966/01/29,TO,48,47,77,24,11
1966/02/05,TO,42,81,30,73,71
1966/02/12,TO,71,15,49,34,48
1966/02/19,TO,7,70,1,73,77
1966/02/26,TO,51,40,87,29,65
1966/03/05,TO,76,12,63,49,69
1966/03/12,TO,30,77,10,31,75
1966/03/19,TO,59,65,36,71,67
1966/03/26,TO,64,60,44,87,1
1966/04/02,TO,53,83,5,63,7
1966/04/09,TO,18,3,48,42,26
1966/04/16,TO,29,48,17,11,6
1966/04/23,TO,7,60,23,58,87
1966/04/30,TO,57,84,74,25,20
1966/05/07,TO,49,5,13,40,71
1966/05/14,TO,72,25,78,31,4
1966/05/21,TO,54,24,18,30,16
1966/05/28,TO,59,79,26,21,60
1966/06/04,TO,57,64,12,47,38
1966/06/11,TO,11,10,89,30,80
1966/06/18,TO,30,29,85,48,14
1966/06/25,TO,76,2,20,75,80
1966/07/02,TO,76,86,13,11,61
1966/07/09,TO,7,51,26,64,82
1966/07/16,TO,42,20,39,46,23
1966/07/23,TO,42,69,35,80,26
1966/07/30,TO,61,27,78,69,58
1966/08/06,TO,12,22,5,2,62
1966/08/13,TO,1,6,49,34,61
1966/08/20,TO,89,12,21,60,27
1966/08/27,TO,68,26,76,88,82
1966/09/03,TO,59,37,53,75,74
1966/09/10,TO,45,67,26,29,55
1966/09/17,TO,71,25,54,40,55
1966/09/24,TO,50,40,77,65,89
1966/10/01,TO,77,65,37,81,51
1966/10/08,TO,83,2,26,28,39
1966/10/15,TO,68,37,31,65,64
1966/10/22,TO,86,22,53,48,21
1966/10/29,TO,37,50,9,82,2
1966/11/05,TO,22,54,16,70,45
1966/11/12,TO,18,2,63,23,11
1966/11/19,TO,88,27,9,65,8
1966/11/26,TO,87,1,65,76,2
1966/12/03,TO,66,24,1,14,87
1966/12/10,TO,48,47,9,56,39
1966/12/17,TO,62,79,80,13,17
1966/12/24,TO,66,40,7,3,33
1966/12/31,TO,41,60,55,79,56
1967/01/07,TO,22,59,36,76,28
1967/01/14,TO,22,36,80,75,64
1967/01/21,TO,17,25,76,69,55
1967/01/28,TO,65,48,76,84,32
1967/02/04,TO,7,10,54,80,35
1967/02/11,TO,28,85,10,32,62
1967/02/18,TO,82,81,88,16,65
1967/02/25,TO,29,56,58,40,84
1967/03/04,TO,21,24,44,17,81
1967/03/11,TO,72,34,54,81,7
1967/03/18,TO,21,70,26,73,46
1967/03/25,TO,55,67,75,40,32
1967/04/01,TO,46,11,54,18,20
1967/04/08,TO,17,69,83,86,20
1967/04/15,TO,32,55,50,90,77
1967/04/22,TO,76,29,89,62,80
1967/04/29,TO,76,64,22,48,3
1967/05/06,TO,20,19,72,63,86
1967/05/13,TO,14,42,81,21,77
1967/05/20,TO,90,54,74,67,88
1967/05/27,TO,48,14,43,52,54
1967/06/03,TO,66,77,4,90,54
1967/06/10,TO,45,61,43,35,14
1967/06/17,TO,76,54,15,31,25
1967/06/24,TO,8,2,86,40,80
1967/07/01,TO,30,31,58,7,60
1967/07/08,TO,73,9,35,10,23
1967/07/15,TO,28,39,73,20,60
1967/07/22,TO,30,3,89,11,63
1967/07/29,TO,35,17,6,30,2
1967/08/05,TO,20,83,9,72,14
1967/08/12,TO,5,14,10,82,54
1967/08/19,TO,82,10,43,69,26
1967/08/26,TO,57,23,59,26,28
1967/09/02,TO,51,5,42,88,69
1967/09/09,TO,63,37,71,19,48
1967/09/16,TO,79,40,25,38,29
1967/09/23,TO,5,64,7,87,79
1967/09/30,TO,83,14,71,46,6
1967/10/07,TO,64,37,68,24,4
1967/10/16,TO,51,30,49,43,67
1967/10/21,TO,73,54,84,20,51
1967/10/27,TO,90,89,54,41,68
1967/11/06,TO,80,54,35,8,49
1967/11/11,TO,18,55,77,36,30
1967/11/18,TO,67,65,24,51,41
1967/11/25,TO,5,57,73,24,76
1967/12/02,TO,46,35,51,38,16
1967/12/09,TO,3,73,78,72,47
1967/12/16,TO,3,25,86,41,5
1967/12/23,TO,88,1,18,52,7
1967/12/30,TO,85,89,35,13,53
1968/01/05,TO,75,48,68,43,86
1968/01/13,TO,74,21,61,88,17
1968/01/20,TO,38,86,81,53,71
1968/01/27,TO,10,28,49,75,68
1968/02/03,TO,69,70,30,81,52
1968/02/10,TO,66,2,49,20,4
1968/02/17,TO,40,55,43,10,81
1968/02/24,TO,57,1,17,14,7
1968/03/02,TO,22,72,80,5,67
1968/03/09,TO,41,23,72,1,42
1968/03/16,TO,50,71,15,73,63
1968/03/23,TO,76,37,45,2,6
1968/03/30,TO,84,60,73,32,40
1968/04/06,TO,49,13,1,59,85
1968/04/13,TO,17,23,16,78,32
1968/04/20,TO,74,62,88,66,23
1968/04/27,TO,83,13,60,2,23
1968/05/04,TO,41,13,22,81,32
1968/05/11,TO,17,82,57,20,64
1968/05/18,TO,30,34,29,53,43
1968/05/25,TO,41,37,61,47,17
1968/06/01,TO,34,55,12,18,57
1968/06/08,TO,4,86,18,52,48
1968/06/15,TO,86,43,9,50,31
1968/06/22,TO,52,74,54,5,36
1968/06/28,TO,41,82,32,31,53
1968/07/06,TO,50,45,7,88,17
1968/07/13,TO,79,4,80,29,90
1968/07/20,TO,89,6,64,78,28
1968/07/27,TO,7,55,62,9,10
1968/08/03,TO,73,90,41,36,19
1968/08/10,TO,35,70,7,28,65
1968/08/17,TO,38,11,8,21,16
1968/08/24,TO,72,68,33,19,37
1968/08/31,TO,61,44,51,10,84
1968/09/07,TO,59,64,18,3,28
1968/09/14,TO,7,76,59,46,87
1968/09/21,TO,60,22,68,29,90
1968/09/28,TO,85,86,4,20,72
1968/10/05,TO,22,87,27,76,39
1968/10/12,TO,63,51,21,24,50
1968/10/19,TO,56,1,40,77,79
1968/10/26,TO,73,81,42,72,63
1968/11/02,TO,17,3,81,62,51
1968/11/09,TO,40,69,27,75,66
1968/11/16,TO,28,1,48,58,54
1968/11/23,TO,67,8,79,78,82
1968/11/30,TO,33,79,53,34,12
1968/12/07,TO,62,79,3,44,10
1968/12/14,TO,23,37,79,36,55
1968/12/21,TO,77,2,15,16,20
1968/12/28,TO,22,62,51,48,72
1969/01/04,TO,38,58,61,55,73
1969/01/11,TO,70,31,37,79,42
1969/01/18,TO,76,29,79,85,35
1969/01/25,TO,55,41,75,5,89
1969/02/01,TO,3,57,27,37,44
1969/02/08,TO,13,43,20,70,62
1969/02/15,TO,40,74,76,82,11
1969/02/22,TO,87,14,63,11,57
1969/03/01,TO,25,20,64,43,49
1969/03/08,TO,22,40,21,90,37
1969/03/15,TO,64,83,24,55,67
1969/03/22,TO,53,85,78,10,67
1969/03/29,TO,75,25,64,27,35
1969/04/05,TO,55,25,2,66,88
1969/04/12,TO,33,75,81,4,15
1969/04/19,TO,59,43,62,49,40
1969/04/26,TO,55,87,76,4,44
1969/05/03,TO,37,7,36,70,64
1969/05/10,TO,44,6,69,45,21
1969/05/17,TO,90,70,43,63,87
1969/05/24,TO,79,22,18,50,19
1969/05/31,TO,77,7,68,88,51
1969/06/07,TO,52,18,16,10,73
1969/06/14,TO,85,29,31,63,26
1969/06/21,TO,20,73,71,89,26
1969/06/28,TO,80,1,24,8,86
1969/07/05,TO,34,83,6,82,66
1969/07/12,TO,38,25,20,87,63
1969/07/19,TO,67,68,23,15,32
1969/07/26,TO,53,81,28,21,60
1969/08/02,TO,76,86,69,84,71
1969/08/09,TO,18,66,71,45,1
1969/08/16,TO,9,23,43,31,30
1969/08/23,TO,35,1,63,69,8
1969/08/30,TO,81,27,64,72,6
1969/09/06,TO,5,57,47,26,62
1969/09/13,TO,66,53,72,62,82
1969/09/20,TO,42,80,72,88,82
1969/09/27,TO,42,40,13,48,68
1969/10/04,TO,16,26,58,17,87
1969/10/11,TO,39,4,5,33,68
1969/10/18,TO,62,66,60,51,61
1969/10/25,TO,5,46,51,7,50
1969/10/31,TO,58,52,51,44,19
1969/11/08,TO,41,86,21,5,19
1969/11/15,TO,30,78,90,18,85
1969/11/22,TO,50,61,80,11,84
1969/11/29,TO,85,71,64,48,56
1969/12/06,TO,59,85,64,60,77
1969/12/13,TO,50,22,56,7,71
1969/12/20,TO,84,67,44,68,88
1969/12/28,TO,42,20,62,60,87
1970/01/03,TO,71,18,30,68,32
1970/01/10,TO,32,77,37,39,9
1970/01/17,TO,73,87,68,25,33
1970/01/24,TO,67,55,72,60,77
1970/01/31,TO,30,6,82,73,40
1970/02/07,TO,7,64,77,26,51
1970/02/14,TO,90,2,56,68,14
1970/02/21,TO,46,4,88,58,39
1970/02/28,TO,75,61,2,56,60
1970/03/07,TO,58,62,80,87,48
1970/03/14,TO,74,77,86,87,76
1970/03/21,TO,29,40,55,19,16
1970/03/28,TO,82,66,65,79,14
1970/04/04,TO,20,22,76,21,16
1970/04/11,TO,2,6,22,50,73
1970/04/18,TO,19,72,85,53,1
1970/04/25,TO,39,54,76,85,24
1970/05/02,TO,73,6,22,65,34
1970/05/09,TO,53,61,55,31,87
1970/05/16,TO,59,49,30,22,81
1970/05/23,TO,39,37,31,10,86
1970/05/30,TO,88,48,15,12,68
1970/06/06,TO,65,18,76,90,49
1970/06/13,TO,5,35,37,77,6
1970/06/20,TO,27,20,68,28,47
1970/06/27,TO,52,76,37,78,40
1970/07/04,TO,43,19,49,33,83
1970/07/11,TO,71,41,2,45,50
1970/07/18,TO,9,3,45,80,68
1970/07/25,TO,90,80,43,1,67
1970/08/01,TO,46,26,35,66,59
1970/08/08,TO,72,9,39,56,62
1970/08/15,TO,6,20,29,60,77
1970/08/22,TO,32,76,49,26,6
1970/08/29,TO,21,1,62,26,49
1970/09/05,TO,78,83,11,14,37
1970/09/12,TO,78,72,87,41,14
1970/09/19,TO,51,49,50,29,46
1970/09/26,TO,61,33,14,5,2
1970/10/03,TO,79,23,14,81,47
1970/10/10,TO,87,67,49,57,85
1970/10/17,TO,55,53,57,72,79
1970/10/24,TO,73,71,59,41,1
1970/10/31,TO,27,83,59,55,2
1970/11/07,TO,53,29,24,18,49
1970/11/14,TO,45,52,28,46,36
1970/11/21,TO,79,21,32,54,67
1970/11/28,TO,12,71,44,67,58
1970/12/05,TO,87,42,64,46,86
1970/12/12,TO,21,37,86,41,50
1970/12/19,TO,8,50,71,68,47
1970/12/28,TO,19,63,23,11,43
1971/01/02,TO,27,62,23,28,43
1971/01/09,TO,43,50,31,34,17
1971/01/16,TO,41,76,13,60,27
1971/01/23,TO,51,50,44,23,90
1971/01/30,TO,17,58,43,51,3
1971/02/06,TO,78,12,50,83,18
1971/02/13,TO,22,84,20,44,45
1971/02/20,TO,57,37,19,14,6
1971/02/27,TO,24,10,32,45,54
1971/03/06,TO,65,30,49,78,71
1971/03/13,TO,25,34,39,1,26
1971/03/20,TO,36,10,32,53,12
1971/03/27,TO,32,27,12,73,24
1971/04/03,TO,11,26,56,83,81
1971/04/10,TO,86,72,2,60,50
1971/04/17,TO,47,73,75,37,65
1971/04/24,TO,24,47,52,23,2
1971/05/01,TO,43,78,7,62,55
1971/05/08,TO,90,85,32,33,24
1971/05/15,TO,4,68,35,12,89
1971/05/22,TO,18,75,77,11,63
1971/05/29,TO,29,86,60,39,35
1971/06/05,TO,81,85,51,27,53
1971/06/12,TO,18,34,35,17,11
1971/06/19,TO,14,52,45,87,43
1971/06/26,TO,24,48,23,51,87
1971/07/03,TO,50,7,51,22,33
1971/07/10,TO,51,45,43,34,67
1971/07/17,TO,12,81,38,44,43
1971/07/24,TO,76,73,21,2,47
1971/07/31,TO,61,5,35,51,48
1971/08/07,TO,86,72,10,54,68
1971/08/14,TO,42,15,73,36,24
1971/08/21,TO,68,26,33,85,35
1971/08/28,TO,49,28,50,2,73
1971/09/04,TO,59,47,11,2,85
1971/09/11,TO,72,83,16,65,18
1971/09/18,TO,22,34,44,69,19
1971/09/25,TO,62,19,46,31,63
1971/10/02,TO,18,27,81,26,12
1971/10/09,TO,55,50,71,84,23
1971/10/16,TO,90,76,50,17,41
1971/10/23,TO,18,82,30,3,62
1971/10/30,TO,40,58,26,85,78
1971/11/06,TO,45,24,67,78,14
1971/11/13,TO,87,36,3,5,30
1971/11/20,TO,22,66,9,75,58
1971/11/27,TO,79,81,54,27,51
1971/12/04,TO,26,46,55,17,7
1971/12/11,TO,39,48,30,74,17
1971/12/18,TO,9,3,90,32,80
1971/12/25,TO,56,81,55,12,27
1972/01/01,TO,44,20,69,81,55
1972/01/08,TO,9,43,77,2,32
1972/01/15,TO,47,60,54,12,24
1972/01/22,TO,72,21,6,49,3
1972/01/29,TO,33,56,23,18,36
1972/02/05,TO,22,82,48,85,2
1972/02/12,TO,24,48,80,71,16
1972/02/19,TO,48,83,12,18,52
1972/02/26,TO,60,70,51,20,18
1972/03/04,TO,31,56,68,69,53
1972/03/11,TO,53,80,79,61,57
1972/03/18,TO,41,43,50,83,49
1972/03/25,TO,79,60,8,32,46
1972/04/01,TO,42,25,54,71,72
1972/04/08,TO,4,54,25,72,1
1972/04/15,TO,38,67,52,90,24
1972/04/22,TO,13,21,8,72,7
1972/04/29,TO,22,20,26,30,21
1972/05/06,TO,12,31,48,5,4
1972/05/13,TO,44,40,8,82,85
1972/05/20,TO,2,34,11,80,63
1972/05/27,TO,8,28,89,13,18
1972/06/03,TO,60,87,85,32,6
1972/06/10,TO,70,65,79,5,25
1972/06/17,TO,71,67,8,85,88
1972/06/24,TO,50,14,7,48,35
1972/07/01,TO,57,60,9,30,29
1972/07/08,TO,73,87,19,51,72
1972/07/15,TO,39,57,83,65,59
1972/07/22,TO,34,41,82,70,87
1972/07/29,TO,86,11,30,37,55
1972/08/05,TO,5,84,29,50,57
1972/08/12,TO,20,78,26,76,57
1972/08/19,TO,15,25,22,75,24
1972/08/26,TO,88,65,23,35,66
1972/09/02,TO,34,30,72,58,4
1972/09/09,TO,9,89,27,56,33
1972/09/16,TO,56,19,39,49,14
1972/09/23,TO,2,60,88,78,48
1972/09/30,TO,35,57,61,71,17
1972/10/07,TO,86,28,15,36,10
1972/10/14,TO,72,78,46,14,51
1972/10/21,TO,41,4,53,1,23
1972/10/28,TO,17,35,81,38,79
1972/11/04,TO,13,15,83,47,68
1972/11/11,TO,47,26,23,65,54
1972/11/18,TO,90,44,88,66,48
1972/11/25,TO,31,1,17,53,83
1972/12/02,TO,57,21,72,59,45
1972/12/09,TO,14,66,10,65,70
1972/12/16,TO,87,14,31,79,45
1972/12/23,TO,53,74,16,43,13
1972/12/30,TO,58,63,23,21,28
1973/01/06,TO,8,24,1,54,22
1973/01/13,TO,48,2,33,17,42
1973/01/20,TO,42,66,60,20,49
1973/01/27,TO,87,39,65,81,67
1973/02/03,TO,44,88,71,42,69
1973/02/10,TO,45,76,40,44,8
1973/02/17,TO,79,63,81,37,45
1973/02/24,TO,79,70,8,20,37
1973/03/03,TO,20,48,10,90,35
1973/03/10,TO,26,2,89,81,43
1973/03/17,TO,42,66,84,49,43
1973/03/24,TO,76,27,78,23,80
1973/03/31,TO,59,27,77,23,5
1973/04/07,TO,9,36,21,90,40
1973/04/14,TO,11,59,9,66,41
1973/04/21,TO,62,39,89,26,65
1973/04/28,TO,33,22,78,73,48
1973/05/05,TO,86,63,17,12,87
1973/05/12,TO,80,71,89,58,24
1973/05/19,TO,29,82,15,88,25
1973/05/26,TO,14,51,38,77,74
1973/06/02,TO,34,37,4,87,44
1973/06/09,TO,41,38,3,30,13
1973/06/16,TO,62,32,35,57,23
1973/06/23,TO,40,56,61,82,70
1973/06/30,TO,12,55,46,45,3
1973/07/07,TO,38,20,79,13,66
1973/07/14,TO,21,26,90,52,9
1973/07/21,TO,7,41,39,14,81
1973/07/28,TO,86,3,90,43,62
1973/08/04,TO,90,74,9,11,23
1973/08/11,TO,46,69,37,87,49
1973/08/18,TO,54,73,8,24,41
1973/08/25,TO,87,22,44,6,2
1973/09/01,TO,86,28,5,63,71
1973/09/08,TO,37,10,18,57,58
1973/09/15,TO,71,41,6,21,10
1973/09/22,TO,75,31,68,19,81
1973/09/29,TO,31,62,12,8,61
1973/10/06,TO,54,32,77,6,3
1973/10/13,TO,63,15,55,48,19
1973/10/20,TO,65,7,10,63,34
1973/10/27,TO,65,36,23,47,10
1973/11/03,TO,71,56,84,53,15
1973/11/10,TO,56,60,20,84,6
1973/11/17,TO,75,52,4,5,30
1973/11/24,TO,29,46,64,90,54
1973/12/01,TO,3,53,25,41,67
1973/12/08,TO,16,18,79,13,71
1973/12/15,TO,61,70,75,22,2
1973/12/22,TO,70,23,78,57,19
1973/12/29,TO,37,76,41,28,53
1974/01/05,TO,31,51,29,49,60
1974/01/12,TO,86,54,13,48,60
1974/01/19,TO,46,33,67,77,79
1974/01/26,TO,28,21,48,16,50
1974/02/02,TO,19,15,62,26,90
1974/02/09,TO,72,54,39,57,38
1974/02/16,TO,60,39,24,81,9
1974/02/23,TO,8,21,59,24,75
1974/03/02,TO,19,80,38,51,22
1974/03/09,TO,46,69,34,73,58
1974/03/16,TO,34,77,37,48,14
1974/03/23,TO,71,11,84,57,39
1974/03/30,TO,66,20,72,83,17
1974/04/06,TO,26,88,46,41,56
1974/04/13,TO,4,73,38,75,25
1974/04/20,TO,72,44,36,12,74
1974/04/27,TO,58,5,33,7,78
1974/05/04,TO,69,64,30,75,12
1974/05/11,TO,64,4,57,14,61
1974/05/18,TO,12,78,68,49,31
1974/05/25,TO,19,75,66,13,61
1974/06/01,TO,37,39,38,34,59
1974/06/08,TO,6,48,64,40,55
1974/06/15,TO,30,71,2,87,66
1974/06/22,TO,20,23,84,52,56
1974/06/29,TO,14,87,21,16,4
1974/07/06,TO,28,59,15,10,37
1974/07/13,TO,11,85,22,3,12
1974/07/20,TO,34,58,78,32,23
1974/07/27,TO,71,51,70,53,86
1974/08/03,TO,9,39,54,83,7
1974/08/10,TO,21,68,40,55,34
1974/08/17,TO,81,4,43,66,39
1974/08/24,TO,88,81,16,23,59
1974/08/31,TO,3,30,8,50,79
1974/09/07,TO,68,46,22,36,86
1974/09/14,TO,31,45,24,18,38
1974/09/21,TO,25,77,11,81,10
1974/09/28,TO,42,84,2,60,11
1974/10/05,TO,68,37,39,42,65
1974/10/12,TO,41,29,24,59,90
1974/10/19,TO,23,80,8,29,20
1974/10/26,TO,88,70,3,80,22
1974/11/02,TO,43,64,30,9,40
1974/11/09,TO,80,76,77,85,89
1974/11/16,TO,7,64,63,5,76
1974/11/23,TO,49,69,75,28,29
1974/11/30,TO,59,62,60,32,22
1974/12/07,TO,89,18,78,74,12
1974/12/14,TO,55,6,1,50,76
1974/12/21,TO,71,40,68,53,77
1974/12/28,TO,16,2,59,60,14
1975/01/04,TO,26,33,82,44,46
1975/01/11,TO,24,38,1,49,50
1975/01/18,TO,87,16,42,8,30
1975/01/25,TO,76,28,36,86,29
1975/02/01,TO,57,79,7,62,68
1975/02/08,TO,85,21,20,64,78
1975/02/15,TO,32,80,81,41,33
1975/02/22,TO,55,66,4,13,83
1975/03/01,TO,52,77,78,31,69
1975/03/08,TO,77,17,72,26,65
1975/03/15,TO,69,89,20,66,47
1975/03/22,TO,36,75,43,6,47
1975/03/29,TO,2,49,74,69,27
1975/04/05,TO,8,27,82,5,51
1975/04/12,TO,1,52,78,40,22
1975/04/19,TO,48,41,52,45,71
1975/04/26,TO,66,68,84,80,46
1975/05/03,TO,38,47,5,67,56
1975/05/10,TO,50,29,52,72,60
1975/05/17,TO,4,61,51,36,87
1975/05/24,TO,10,68,25,15,42
1975/05/31,TO,50,46,32,33,21
1975/06/07,TO,88,37,48,25,80
1975/06/14,TO,24,87,48,20,75
1975/06/21,TO,86,54,23,49,38
1975/06/28,TO,83,27,53,64,40
1975/07/05,TO,50,32,52,85,83
1975/07/12,TO,41,60,17,62,27
1975/07/19,TO,57,79,45,18,33
1975/07/26,TO,64,69,10,72,33
1975/08/02,TO,7,57,38,51,35
1975/08/09,TO,44,2,25,31,61
1975/08/16,TO,17,90,84,28,39
1975/08/23,TO,14,2,13,76,64
1975/08/30,TO,44,60,2,53,83
1975/09/06,TO,7,80,68,67,48
1975/09/13,TO,8,26,87,46,51
1975/09/20,TO,77,23,22,37,27
1975/09/27,TO,54,33,56,47,35
1975/10/04,TO,19,72,80,7,78
1975/10/11,TO,11,37,75,51,72
1975/10/18,TO,42,75,33,56,5
1975/10/25,TO,88,63,55,72,26
1975/11/01,TO,24,84,48,52,42
1975/11/08,TO,17,42,23,82,47
1975/11/15,TO,42,69,48,46,2
1975/11/22,TO,85,18,8,6,39
1975/11/29,TO,47,29,12,24,77
1975/12/06,TO,24,47,33,27,48
1975/12/13,TO,68,32,31,75,10
1975/12/20,TO,4,9,7,65,18
1975/12/27,TO,50,14,87,11,27
1976/01/03,TO,65,24,5,31,83
1976/01/10,TO,55,17,80,49,48
1976/01/17,TO,46,7,40,16,27
1976/01/24,TO,14,25,12,9,23
1976/01/31,TO,21,90,51,58,80
1976/02/07,TO,24,15,86,60,84
1976/02/14,TO,40,51,5,50,47
1976/02/21,TO,84,89,73,61,52
1976/02/28,TO,4,36,68,12,64
1976/03/06,TO,22,38,81,86,30
1976/03/13,TO,81,39,47,70,33
1976/03/20,TO,19,7,89,11,52
1976/03/27,TO,81,2,16,64,10
1976/04/03,TO,34,58,78,79,48
1976/04/10,TO,84,58,80,26,28
1976/04/17,TO,45,70,81,8,33
1976/04/24,TO,78,14,77,19,28
1976/05/01,TO,60,20,89,3,28
1976/05/08,TO,9,90,44,70,21
1976/05/15,TO,28,13,39,87,26
1976/05/22,TO,14,65,24,27,56
1976/05/29,TO,7,54,64,11,89
1976/06/05,TO,19,25,20,34,89
1976/06/12,TO,54,25,61,82,2
1976/06/19,TO,10,6,46,15,35
1976/06/26,TO,28,32,58,70,49
1976/07/03,TO,6,47,82,32,41
1976/07/10,TO,20,44,54,72,8
1976/07/17,TO,77,83,59,67,85
1976/07/24,TO,20,28,43,54,26
1976/07/31,TO,27,61,38,76,68
1976/08/07,TO,70,49,28,71,10
1976/08/14,TO,73,36,66,69,65
1976/08/21,TO,8,7,17,3,1
1976/08/28,TO,25,4,43,41,44
1976/09/04,TO,12,52,88,15,35
1976/09/11,TO,86,46,48,8,37
1976/09/18,TO,85,77,39,65,35
1976/09/25,TO,51,16,59,67,87
1976/10/02,TO,79,10,8,39,51
1976/10/09,TO,3,32,59,78,34
1976/10/16,TO,13,66,85,35,59
1976/10/23,TO,28,53,2,67,55
1976/10/30,TO,66,40,73,46,12
1976/11/06,TO,64,2,88,24,8
1976/11/13,TO,84,31,57,43,60
1976/11/20,TO,27,57,81,35,71
1976/11/27,TO,7,86,33,26,64
1976/12/04,TO,62,82,65,15,27
1976/12/11,TO,87,14,62,37,30
1976/12/18,TO,62,4,83,41,13
1976/12/25,TO,46,39,76,14,16
1977/01/01,TO,24,4,87,49,35
1977/01/08,TO,79,67,63,24,65
1977/01/15,TO,53,41,29,40,24
1977/01/22,TO,50,38,10,87,89
1977/01/29,TO,68,83,47,1,40
1977/02/05,TO,43,25,4,47,66
1977/02/12,TO,5,68,74,54,82
1977/02/19,TO,73,1,57,56,77
1977/02/26,TO,32,8,25,43,17
1977/03/05,TO,27,78,65,33,88
1977/03/12,TO,6,69,76,20,10
1977/03/19,TO,77,75,30,15,68
1977/03/26,TO,90,27,42,13,9
1977/04/02,TO,1,78,34,25,80
1977/04/09,TO,46,42,37,29,89
1977/04/16,TO,50,2,66,76,22
1977/04/23,TO,83,33,77,64,37
1977/04/30,TO,67,90,3,77,7
1977/05/07,TO,44,66,68,5,14
1977/05/14,TO,76,2,51,87,12
1977/05/21,TO,64,7,81,65,38
1977/05/28,TO,30,38,51,8,83
1977/06/04,TO,83,60,40,48,29
1977/06/11,TO,7,65,61,19,14
1977/06/18,TO,57,49,84,72,16
1977/06/25,TO,86,70,5,62,24
1977/07/02,TO,71,63,51,75,19
1977/07/09,TO,73,57,47,33,39
1977/07/16,TO,71,3,39,31,35
1977/07/23,TO,23,42,4,22,40
1977/07/30,TO,80,15,24,75,61
1977/08/06,TO,33,76,78,70,3
1977/08/13,TO,86,12,18,22,40
1977/08/20,TO,35,29,55,42,40
1977/08/27,TO,40,4,17,44,41
1977/09/03,TO,14,61,50,64,22
1977/09/10,TO,7,25,42,47,81
1977/09/17,TO,47,20,16,42,73
1977/09/24,TO,29,44,75,69,71
1977/10/01,TO,18,55,66,57,37
1977/10/08,TO,32,15,54,61,30
1977/10/15,TO,71,90,70,24,20
1977/10/22,TO,51,29,63,10,33
1977/10/29,TO,31,79,30,49,24
1977/11/05,TO,19,26,33,34,47
1977/11/12,TO,89,33,47,16,54
1977/11/19,TO,17,4,20,60,82
1977/11/26,TO,61,78,30,34,9
1977/12/03,TO,79,54,26,2,88
1977/12/10,TO,14,39,77,40,56
1977/12/17,TO,6,8,86,43,41
1977/12/24,TO,11,63,72,8,15
1977/12/31,TO,84,65,81,45,44
1978/01/07,TO,56,61,32,54,27
1978/01/14,TO,21,25,28,64,2
1978/01/21,TO,72,53,34,58,50
1978/01/28,TO,7,6,13,21,22
1978/02/04,TO,33,8,68,5,21
1978/02/11,TO,76,51,54,67,81
1978/02/18,TO,90,69,68,12,86
1978/02/25,TO,9,76,57,43,68
1978/03/04,TO,1,75,3,24,83
1978/03/11,TO,35,66,77,56,11
1978/03/18,TO,2,46,74,43,87
1978/03/25,TO,16,65,44,33,21
1978/04/01,TO,54,83,85,18,24
1978/04/08,TO,74,15,52,49,35
1978/04/15,TO,72,68,56,8,44
1978/04/22,TO,81,79,89,34,80
1978/04/29,TO,11,31,44,81,61
1978/05/06,TO,34,88,37,46,61
1978/05/13,TO,23,17,25,89,60
1978/05/20,TO,58,51,4,36,88
1978/05/27,TO,51,66,19,85,55
1978/06/03,TO,82,56,51,26,72
1978/06/10,TO,31,74,48,83,39
1978/06/17,TO,42,15,88,64,55
1978/06/24,TO,21,46,44,17,54
1978/07/01,TO,68,82,77,63,16
1978/07/08,TO,44,6,39,7,62
1978/07/15,TO,47,7,4,16,56
1978/07/22,TO,8,10,38,29,43
1978/07/29,TO,27,54,71,5,70
1978/08/05,TO,87,13,61,82,32
1978/08/12,TO,65,67,61,47,78
1978/08/19,TO,26,90,69,86,45
1978/08/26,TO,88,2,66,51,55
1978/09/02,TO,64,72,28,41,89
1978/09/09,TO,12,21,30,28,68
1978/09/16,TO,87,48,32,69,79
1978/09/23,TO,48,24,68,87,22
1978/09/30,TO,26,40,73,35,22
1978/10/07,TO,52,3,59,53,37
1978/10/14,TO,29,75,86,55,12
1978/10/21,TO,55,30,60,9,21
1978/10/28,TO,14,39,24,7,30
1978/11/04,TO,43,33,52,31,14
1978/11/11,TO,61,41,1,4,66
1978/11/18,TO,31,84,3,74,29
1978/11/25,TO,65,45,6,21,44
1978/12/02,TO,7,67,81,71,33
1978/12/09,TO,48,45,30,36,16
1978/12/16,TO,25,37,7,39,81
1978/12/23,TO,54,71,6,86,39
1978/12/30,TO,44,31,7,67,30
1979/01/06,TO,23,86,43,61,13
1979/01/13,TO,11,77,61,68,29
1979/01/20,TO,37,50,23,75,6
1979/01/27,TO,25,30,83,14,3
1979/02/03,TO,46,45,75,11,4
1979/02/10,TO,11,73,15,53,63
1979/02/17,TO,6,24,71,40,32
1979/02/24,TO,62,8,21,17,68
1979/03/03,TO,20,32,87,12,25
1979/03/10,TO,33,56,39,89,38
1979/03/17,TO,73,81,14,77,2
1979/03/24,TO,88,28,35,76,45
1979/03/31,TO,21,32,67,25,85
1979/04/07,TO,20,78,24,3,17
1979/04/14,TO,7,73,16,31,55
1979/04/21,TO,89,41,77,2,34
1979/04/28,TO,19,87,33,58,66
1979/05/05,TO,64,83,85,30,3
1979/05/12,TO,50,80,32,62,46
1979/05/19,TO,9,42,5,74,75
1979/05/26,TO,42,90,9,41,7
1979/06/02,TO,17,76,54,39,5
1979/06/09,TO,8,57,85,55,83
1979/06/16,TO,80,27,74,2,67
1979/06/23,TO,54,69,6,63,7
1979/06/30,TO,16,89,30,43,74
1979/07/07,TO,66,23,6,38,57
1979/07/14,TO,76,29,22,62,2
1979/07/21,TO,32,24,83,41,76
1979/07/28,TO,44,75,85,54,89
1979/08/04,TO,38,62,61,15,80
1979/08/11,TO,59,33,51,80,52
1979/08/18,TO,41,64,13,22,67
1979/08/25,TO,7,88,47,67,4
1979/09/01,TO,29,32,82,60,80
1979/09/08,TO,73,38,23,64,40
1979/09/15,TO,84,10,41,62,69
1979/09/22,TO,32,61,39,53,30
1979/09/29,TO,50,57,1,48,44
1979/10/06,TO,81,36,59,16,44
1979/10/13,TO,64,9,89,71,88
1979/10/20,TO,9,57,20,4,32
1979/10/27,TO,65,86,16,72,12
1979/11/03,TO,14,47,21,73,43
1979/11/10,TO,20,88,37,83,7
1979/11/17,TO,63,24,49,54,74
1979/11/24,TO,56,83,21,68,43
1979/12/01,TO,17,90,2,11,21
1979/12/08,TO,70,36,80,15,5
1979/12/15,TO,14,47,81,90,78
1979/12/22,TO,3,22,7,80,72
1979/12/29,TO,88,18,23,51,49
1980/01/05,TO,18,13,51,62,53
1980/01/12,TO,40,47,61,42,5
1980/01/19,TO,9,40,63,48,80
1980/01/26,TO,45,74,13,35,42
1980/02/02,TO,37,58,11,47,17
1980/02/09,TO,61,1,19,26,42
1980/02/16,TO,51,21,17,35,62
1980/02/23,TO,83,7,71,41,61
1980/03/01,TO,64,85,31,33,4
1980/03/08,TO,24,42,32,88,10
1980/03/15,TO,8,22,70,5,42
1980/03/22,TO,36,17,6,87,21
1980/03/29,TO,63,33,27,49,13
1980/04/05,TO,86,41,54,59,22
1980/04/12,TO,60,62,82,73,56
1980/04/19,TO,29,88,16,78,2
1980/04/26,TO,87,46,7,71,30
1980/05/03,TO,44,72,51,38,35
1980/05/10,TO,55,10,87,38,30
1980/05/17,TO,86,2,55,15,44
1980/05/24,TO,71,84,15,34,1
1980/05/31,TO,53,60,70,28,49
1980/06/07,TO,29,47,31,78,52
1980/06/14,TO,43,35,49,70,61
1980/06/21,TO,85,17,74,6,27
1980/06/28,TO,11,13,25,47,70
1980/07/05,TO,34,65,71,30,82
1980/07/12,TO,31,34,52,60,48
1980/07/19,TO,49,81,85,44,24
1980/07/26,TO,28,72,90,33,55
1980/08/02,TO,65,74,7,16,80
1980/08/09,TO,51,57,79,19,68
1980/08/16,TO,14,40,37,84,82
1980/08/23,TO,28,15,80,12,82
1980/08/30,TO,74,44,32,68,59
1980/09/06,TO,54,49,86,32,29
1980/09/13,TO,56,25,14,80,41
1980/09/20,TO,37,55,35,22,63
1980/09/27,TO,80,78,53,64,75
1980/10/04,TO,20,46,31,82,33
1980/10/11,TO,35,77,10,49,83
1980/10/18,TO,87,8,58,13,1
1980/10/25,TO,53,14,42,72,84
1980/11/01,TO,23,54,82,73,19
1980/11/08,TO,25,29,80,21,13
1980/11/15,TO,83,34,63,84,71
1980/11/22,TO,88,2,68,14,85
1980/11/29,TO,9,48,87,16,70
1980/12/06,TO,38,84,18,58,70
1980/12/13,TO,26,58,1,24,73
1980/12/20,TO,31,58,27,54,17
1980/12/27,TO,65,4,73,14,70
1981/01/03,TO,59,73,10,27,23
1981/01/10,TO,37,33,8,49,85
1981/01/17,TO,2,86,50,17,45
1981/01/24,TO,43,71,49,75,84
1981/01/31,TO,63,12,90,54,7
1981/02/07,TO,88,62,9,34,24
1981/02/14,TO,30,88,34,10,20
1981/02/21,TO,71,49,67,38,39
1981/02/28,TO,81,78,3,54,59
1981/03/07,TO,67,29,53,66,44
1981/03/14,TO,9,26,51,20,57
1981/03/21,TO,81,48,47,55,85
1981/03/28,TO,62,34,3,53,37
1981/04/04,TO,72,33,80,87,4
1981/04/11,TO,86,12,52,5,59
1981/04/18,TO,87,51,48,2,31
1981/04/25,TO,21,65,42,84,7
1981/05/02,TO,19,7,31,54,23
1981/05/09,TO,52,43,83,9,25
1981/05/16,TO,81,27,59,31,50
1981/05/23,TO,27,23,75,37,17
1981/05/30,TO,27,67,24,60,59
1981/06/06,TO,83,38,80,33,5
1981/06/13,TO,81,55,71,23,80
1981/06/20,TO,47,75,67,9,48
1981/06/27,TO,38,90,3,62,9
1981/07/04,TO,87,76,44,65,49
1981/07/11,TO,41,6,32,15,11
1981/07/18,TO,39,54,29,85,38
1981/07/25,TO,50,62,5,80,29
1981/08/01,TO,38,88,4,11,32
1981/08/08,TO,78,48,35,49,27
1981/08/15,TO,17,70,5,64,35
1981/08/22,TO,14,8,26,34,63
1981/08/29,TO,10,59,30,86,39
1981/09/05,TO,38,54,84,16,27
1981/09/12,TO,51,47,22,90,49
1981/09/19,TO,61,10,66,2,80
1981/09/26,TO,68,35,45,89,14
1981/10/03,TO,18,60,34,40,25
1981/10/10,TO,11,22,56,32,18
1981/10/17,TO,3,74,24,68,16
1981/10/24,TO,86,51,17,54,78
1981/10/31,TO,55,70,66,73,46
1981/11/07,TO,38,85,70,26,46
1981/11/14,TO,57,61,63,52,56
1981/11/21,TO,37,68,6,59,66
1981/11/28,TO,57,6,65,37,38
1981/12/05,TO,70,54,71,34,23
1981/12/12,TO,27,10,76,26,67
1981/12/19,TO,3,37,15,44,66
1981/12/26,TO,88,31,38,33,21
1982/01/02,TO,80,25,66,43,69
1982/01/09,TO,66,81,84,82,61
1982/01/16,TO,90,69,79,35,21
1982/01/23,TO,30,34,41,7,1
1982/01/30,TO,79,48,27,51,17
1982/02/06,TO,8,33,19,11,64
1982/02/13,TO,3,23,58,48,90
1982/02/20,TO,22,29,55,52,66
1982/02/27,TO,42,9,11,51,63
1982/03/06,TO,87,83,53,52,86
1982/03/13,TO,72,15,45,66,81
1982/03/20,TO,31,16,60,12,90
1982/03/27,TO,58,20,86,25,28
1982/04/03,TO,50,1,71,77,74
1982/04/10,TO,55,37,83,8,6
1982/04/17,TO,47,58,8,10,45
1982/04/24,TO,80,37,16,45,28
1982/05/01,TO,14,47,89,87,33
1982/05/08,TO,33,51,46,17,69
1982/05/15,TO,49,25,41,66,26
1982/05/22,TO,35,65,42,53,29
1982/05/29,TO,29,45,18,88,74
1982/06/05,TO,5,77,8,15,7
1982/06/12,TO,72,29,5,46,7
1982/06/19,TO,37,69,26,86,88
1982/06/26,TO,50,25,11,73,1
1982/07/03,TO,24,69,33,1,37
1982/07/10,TO,62,64,70,46,24
1982/07/17,TO,54,7,36,13,42
1982/07/24,TO,86,6,8,24,60
1982/07/31,TO,32,19,27,3,11
1982/08/07,TO,43,26,65,80,18
1982/08/14,TO,9,31,19,25,5
1982/08/21,TO,11,25,29,4,75
1982/08/28,TO,67,79,80,90,78
1982/09/04,TO,57,32,51,45,55
1982/09/11,TO,71,30,20,15,34
1982/09/18,TO,14,19,84,40,29
1982/09/25,TO,88,28,42,67,5
1982/10/02,TO,68,74,34,18,6
1982/10/09,TO,67,69,19,33,64
1982/10/16,TO,14,9,87,48,62
1982/10/23,TO,23,25,67,18,55
1982/10/30,TO,84,53,42,63,68
1982/11/06,TO,72,33,40,15,63
1982/11/13,TO,54,2,76,48,30
1982/11/20,TO,38,73,55,14,15
1982/11/27,TO,11,18,2,13,59
1982/12/04,TO,5,74,71,55,7
1982/12/11,TO,87,29,83,88,14
1982/12/18,TO,75,23,66,84,86
1982/12/25,TO,43,37,39,57,21
1983/01/01,TO,12,82,23,8,28
1983/01/08,TO,11,29,10,50,75
1983/01/15,TO,21,37,76,49,47
1983/01/22,TO,41,24,44,43,37
1983/01/29,TO,31,7,86,8,27
1983/02/05,TO,75,68,76,78,43
1983/02/12,TO,63,28,81,27,60
1983/02/19,TO,57,26,63,30,48
1983/02/26,TO,67,26,1,29,12
1983/03/05,TO,55,81,77,18,84
1983/03/12,TO,10,42,90,17,46
1983/03/19,TO,81,63,22,83,75
1983/03/26,TO,31,46,41,44,13
1983/04/02,TO,1,2,77,87,50
1983/04/09,TO,7,20,72,82,19
1983/04/16,TO,29,57,36,56,12
1983/04/23,TO,55,58,50,17,40
1983/04/30,TO,76,41,12,75,54
1983/05/07,TO,34,17,53,59,22
1983/05/14,TO,81,24,17,31,83
1983/05/21,TO,9,39,82,14,70
1983/05/28,TO,81,2,34,37,3
1983/06/04,TO,71,90,59,4,35
1983/06/11,TO,60,18,43,34,71
1983/06/18,TO,79,89,30,57,32
1983/06/25,TO,86,81,76,74,3
1983/07/02,TO,59,24,82,17,2
1983/07/09,TO,9,25,13,45,10
1983/07/16,TO,60,69,27,55,85
1983/07/23,TO,73,68,60,33,24
1983/07/30,TO,24,67,61,90,5
1983/08/06,TO,67,44,1,31,82
1983/08/13,TO,72,74,38,47,1
1983/08/20,TO,2,73,54,18,65
1983/08/27,TO,90,65,81,69,88
1983/09/03,TO,74,69,77,28,82
1983/09/10,TO,56,86,85,60,55
1983/09/17,TO,74,31,53,20,89
1983/09/24,TO,66,24,32,67,12
1983/10/01,TO,35,80,31,42,8
1983/10/08,TO,74,11,10,60,4
1983/10/15,TO,84,7,39,14,59
1983/10/22,TO,18,9,88,37,32
1983/10/29,TO,60,78,31,87,55
1983/11/05,TO,60,52,25,9,31
1983/11/12,TO,45,34,33,82,2
1983/11/19,TO,15,39,26,2,51
1983/11/26,TO,79,59,86,57,4
1983/12/03,TO,13,3,75,24,49
1983/12/10,TO,86,50,15,13,4
1983/12/17,TO,53,12,79,85,36
1983/12/24,TO,66,69,28,37,68
1983/12/31,TO,57,45,85,65,49
1984/01/07,TO,1,31,13,48,86
1984/01/14,TO,6,65,4,83,37
1984/01/21,TO,87,9,25,44,65
1984/01/28,TO,51,5,77,71,63
1984/02/04,TO,17,28,6,27,2
1984/02/11,TO,59,7,43,53,81
1984/02/18,TO,80,29,27,79,18
1984/02/25,TO,49,44,77,72,83
1984/03/03,TO,16,80,23,43,53
1984/03/10,TO,89,64,53,48,30
1984/03/17,TO,81,65,12,41,29
1984/03/24,TO,43,54,72,37,70
1984/03/31,TO,1,42,25,51,55
1984/04/07,TO,88,23,85,61,48
1984/04/14,TO,43,34,35,13,67
1984/04/21,TO,67,58,38,79,86
1984/04/28,TO,6,44,5,12,71
1984/05/05,TO,38,7,64,9,31
1984/05/12,TO,71,84,5,46,59
1984/05/19,TO,8,62,69,68,40
1984/05/26,TO,9,47,19,39,22
1984/06/02,TO,21,87,77,75,47
1984/06/09,TO,6,17,81,3,39
1984/06/16,TO,68,15,34,65,85
1984/06/23,TO,28,2,56,1,71
1984/06/30,TO,88,50,86,52,81
1984/07/07,TO,77,64,39,42,52
1984/07/14,TO,84,71,56,55,44
1984/07/21,TO,51,31,57,26,45
1984/07/28,TO,27,87,72,55,77
1984/08/04,TO,60,33,90,84,15
1984/08/11,TO,78,70,41,88,82
1984/08/18,TO,24,18,33,67,20
1984/08/25,TO,73,22,77,65,82
1984/09/01,TO,28,80,68,83,16
1984/09/08,TO,78,89,1,5,46
1984/09/15,TO,65,90,70,43,10
1984/09/22,TO,66,26,58,84,1
1984/09/29,TO,70,11,64,90,7
1984/10/06,TO,47,50,82,52,59
1984/10/13,TO,28,26,54,50,85
1984/10/20,TO,50,64,16,46,5
1984/10/27,TO,39,41,71,33,36
1984/11/03,TO,71,30,52,65,38
1984/11/10,TO,89,56,40,65,5
1984/11/17,TO,55,64,43,51,16
1984/11/24,TO,38,75,6,35,80
1984/12/01,TO,9,40,43,22,27
1984/12/08,TO,6,34,84,82,85
1984/12/15,TO,2,31,29,76,35
1984/12/22,TO,80,28,5,60,77
1984/12/29,TO,37,50,52,20,6
1985/01/05,TO,66,60,68,64,63
1985/01/12,TO,24,39,17,66,78
1985/01/19,TO,18,47,63,73,27
1985/01/26,TO,52,8,28,54,51
1985/02/02,TO,77,30,87,61,23
1985/02/09,TO,13,71,7,61,57
1985/02/16,TO,89,24,7,46,84
1985/02/23,TO,1,89,62,26,16
1985/03/02,TO,3,51,82,41,30
1985/03/09,TO,24,1,27,78,73
1985/03/16,TO,48,89,35,9,36
1985/03/23,TO,15,75,82,60,16
1985/03/30,TO,1,52,71,76,87
1985/04/06,TO,19,55,3,22,59
1985/04/13,TO,41,54,63,52,75
1985/04/20,TO,4,19,40,6,25
1985/04/27,TO,16,48,51,3,84
1985/05/04,TO,5,6,51,25,4
1985/05/11,TO,8,53,82,65,76
1985/05/18,TO,33,47,25,71,46
1985/05/25,TO,28,39,86,71,81
1985/06/01,TO,43,61,52,67,57
1985/06/08,TO,17,51,30,48,21
1985/06/15,TO,19,54,9,37,46
1985/06/22,TO,81,65,48,55,89
1985/06/29,TO,41,82,14,22,10
1985/07/06,TO,78,44,85,48,41
1985/07/13,TO,13,41,48,49,4
1985/07/20,TO,2,12,50,67,80
1985/07/27,TO,24,76,90,32,31
1985/08/03,TO,66,14,16,1,28
1985/08/10,TO,12,59,53,31,64
1985/08/17,TO,30,90,59,13,55
1985/08/24,TO,67,8,40,15,81
1985/08/31,TO,55,61,78,77,23
1985/09/07,TO,77,42,37,80,5
1985/09/14,TO,33,66,30,22,83
1985/09/21,TO,59,84,63,64,87
1985/09/28,TO,69,90,14,78,67
1985/10/05,TO,40,54,82,11,73
1985/10/12,TO,27,55,45,72,80
1985/10/19,TO,20,87,59,64,67
1985/10/26,TO,15,84,87,4,45
1985/11/02,TO,48,40,35,16,3
1985/11/09,TO,51,20,68,90,3
1985/11/16,TO,35,2,28,64,62
1985/11/23,TO,7,40,45,87,56
1985/11/30,TO,47,2,76,75,45
1985/12/07,TO,88,86,18,17,22
1985/12/14,TO,87,15,22,84,20
1985/12/21,TO,40,85,31,75,66
1985/12/28,TO,72,76,71,86,27
1986/01/04,TO,41,69,30,38,32
1986/01/11,TO,19,15,69,74,58
1986/01/18,TO,60,46,32,10,49
1986/01/25,TO,16,71,88,79,84
1986/02/01,TO,58,13,24,1,51
1986/02/08,TO,65,30,48,42,62
1986/02/15,TO,3,55,34,40,89
1986/02/22,TO,39,65,11,51,49
1986/03/01,TO,37,36,8,54,5
1986/03/08,TO,82,80,30,14,19
1986/03/15,TO,19,77,56,5,48
1986/03/22,TO,77,17,81,52,63
1986/03/29,TO,69,3,15,60,40
1986/04/05,TO,65,34,14,21,46
1986/04/12,TO,1,76,9,89,44
1986/04/19,TO,80,9,24,17,59
1986/04/26,TO,57,40,8,72,27
1986/05/03,TO,32,24,12,54,59
1986/05/10,TO,55,81,67,49,28
1986/05/17,TO,80,84,56,34,25
1986/05/24,TO,88,64,89,42,28
1986/05/31,TO,54,64,86,24,16
1986/06/07,TO,5,53,26,16,4
1986/06/14,TO,90,41,27,17,68
1986/06/21,TO,42,21,48,51,9
1986/06/28,TO,67,38,53,56,21
1986/07/05,TO,29,6,82,16,68
1986/07/12,TO,38,83,36,72,81
1986/07/19,TO,52,39,5,20,86
1986/07/26,TO,81,22,36,46,17
1986/08/02,TO,87,48,35,25,26
1986/08/09,TO,11,45,32,76,64
1986/08/16,TO,20,85,82,35,9
1986/08/23,TO,83,75,67,74,80
1986/08/30,TO,76,27,34,58,36
1986/09/06,TO,32,27,78,84,86
1986/09/13,TO,84,62,27,53,56
1986/09/20,TO,25,73,38,46,9
1986/09/27,TO,87,74,60,86,59
1986/10/04,TO,65,83,39,27,45
1986/10/11,TO,48,9,17,5,73
1986/10/18,TO,52,80,66,34,67
1986/10/25,TO,52,85,76,27,81
1986/11/01,TO,50,40,68,23,87
1986/11/08,TO,34,63,81,61,57
1986/11/15,TO,5,38,23,39,9
1986/11/22,TO,17,89,74,44,49
1986/11/29,TO,74,49,61,9,6
1986/12/06,TO,24,52,64,60,39
1986/12/13,TO,12,33,80,63,14
1986/12/20,TO,42,85,50,62,70
1986/12/27,TO,11,63,36,80,81
1987/01/03,TO,4,45,66,57,12
1987/01/10,TO,43,35,66,11,65
1987/01/17,TO,7,76,82,87,59
1987/01/24,TO,74,24,89,69,67
1987/01/31,TO,49,90,11,87,73
1987/02/07,TO,37,82,21,78,70
1987/02/14,TO,71,47,12,86,16
1987/02/21,TO,5,61,37,58,44
1987/02/28,TO,21,90,10,49,17
1987/03/07,TO,14,77,26,65,71
1987/03/14,TO,39,15,70,9,22
1987/03/21,TO,66,5,11,33,84
1987/03/28,TO,23,9,84,52,27
1987/04/04,TO,12,18,23,2,64
1987/04/11,TO,11,9,44,51,13
1987/04/18,TO,57,59,49,58,45
1987/04/25,TO,85,39,3,13,64
1987/05/02,TO,52,36,12,17,28
1987/05/09,TO,70,13,60,28,41
1987/05/16,TO,35,89,38,88,70
1987/05/23,TO,56,69,77,2,5
1987/05/30,TO,9,67,63,3,20
1987/06/06,TO,20,28,32,29,61
1987/06/13,TO,27,72,43,46,44
1987/06/20,TO,90,55,11,6,59
1987/06/27,TO,71,14,83,88,26
1987/07/04,TO,88,66,23,11,3
1987/07/11,TO,22,18,41,74,20
1987/07/18,TO,41,49,23,1,62
1987/07/25,TO,37,75,64,39,12
1987/08/01,TO,55,84,48,38,65
1987/08/08,TO,83,61,2,35,26
1987/08/15,TO,48,67,15,26,66
1987/08/22,TO,86,85,47,42,1
1987/08/29,TO,31,50,48,87,74
1987/09/05,TO,7,77,49,76,13
1987/09/12,TO,3,33,17,59,87
1987/09/19,TO,40,77,39,53,3
1987/09/26,TO,88,3,14,32,43
1987/10/03,TO,11,16,44,21,64
1987/10/10,TO,30,76,85,83,70
1987/10/17,TO,57,16,46,84,71
1987/10/24,TO,19,70,34,46,81
1987/10/31,TO,45,75,21,85,53
1987/11/07,TO,52,85,40,72,38
1987/11/14,TO,15,59,9,57,26
1987/11/21,TO,42,2,49,7,22
1987/11/28,TO,43,44,57,80,49
1987/12/05,TO,66,22,30,80,84
1987/12/12,TO,72,57,56,70,49
1987/12/19,TO,13,70,59,30,85
1987/12/26,TO,57,43,81,68,10
1988/01/02,TO,85,20,49,13,16
1988/01/09,TO,6,54,75,57,4
1988/01/16,TO,9,48,3,15,44
1988/01/23,TO,64,90,34,51,6
1988/01/30,TO,39,67,71,80,59
1988/02/06,TO,13,47,59,79,20
1988/02/13,TO,14,16,9,45,62
1988/02/20,TO,53,34,45,80,4
1988/02/27,TO,73,67,81,68,82
1988/03/05,TO,79,34,49,30,73
1988/03/12,TO,81,46,10,64,63
1988/03/19,TO,3,87,83,70,56
1988/03/26,TO,63,33,13,52,47
1988/04/02,TO,56,57,3,81,29
1988/04/09,TO,18,76,65,22,68
1988/04/16,TO,23,90,61,37,30
1988/04/23,TO,50,70,7,22,44
1988/04/30,TO,19,42,7,81,30
1988/05/07,TO,37,60,83,62,4
1988/05/14,TO,47,16,83,53,14
1988/05/21,TO,3,70,5,53,24
1988/05/28,TO,40,34,49,74,43
1988/06/04,TO,24,32,18,35,67
1988/06/11,TO,47,69,70,43,80
1988/06/18,TO,52,57,72,37,18
1988/06/25,TO,24,22,34,45,73
1988/07/02,TO,32,85,70,8,82
1988/07/09,TO,84,15,87,34,69
1988/07/16,TO,76,74,29,35,32
1988/07/23,TO,80,12,20,29,85
1988/07/30,TO,22,61,82,79,62
1988/08/06,TO,62,28,38,14,11
1988/08/13,TO,5,24,82,29,17
1988/08/20,TO,31,39,67,23,7
1988/08/27,TO,80,62,7,9,65
1988/09/03,TO,44,61,25,78,29
1988/09/10,TO,72,6,62,37,9
1988/09/17,TO,65,78,67,34,29
1988/09/24,TO,61,62,90,66,10
1988/10/01,TO,70,47,66,8,9
1988/10/08,TO,36,78,18,74,44
1988/10/15,TO,5,80,89,53,56
1988/10/22,TO,35,6,88,21,33
1988/10/29,TO,69,31,67,30,66
1988/11/05,TO,27,13,9,35,54
1988/11/12,TO,60,8,83,75,79
1988/11/19,TO,60,64,75,72,53
1988/11/26,TO,83,84,33,24,22
1988/12/03,TO,56,35,55,17,1
1988/12/10,TO,23,83,81,36,53
1988/12/17,TO,19,1,61,48,50
1988/12/24,TO,70,60,54,59,80
1988/12/31,TO,61,37,36,10,55
1989/01/07,TO,16,89,25,63,86
1989/01/14,TO,44,33,57,22,21
1989/01/21,TO,69,87,8,60,63
1989/01/28,TO,73,52,58,62,85
1989/02/04,TO,30,23,54,83,5
1989/02/11,TO,70,25,77,16,7
1989/02/18,TO,29,31,12,1,63
1989/02/25,TO,52,77,45,71,40
1989/03/04,TO,28,6,83,14,55
1989/03/11,TO,88,73,11,82,75
1989/03/18,TO,6,49,4,64,59
1989/03/25,TO,24,43,53,55,74
1989/04/01,TO,85,71,23,40,53
1989/04/08,TO,31,59,53,84,51
1989/04/15,TO,83,9,33,62,72
1989/04/22,TO,20,49,86,13,46
1989/04/29,TO,74,28,57,49,89
1989/05/06,TO,70,11,63,36,45
1989/05/13,TO,39,83,4,49,48
1989/05/20,TO,26,87,65,86,55
1989/05/27,TO,10,70,73,13,50
1989/06/03,TO,55,58,10,5,25
1989/06/10,TO,83,87,26,44,48
1989/06/17,TO,11,64,1,73,20
1989/06/24,TO,57,77,18,7,74
1989/07/01,TO,86,49,83,14,73
1989/07/08,TO,38,88,66,60,78
1989/07/15,TO,5,77,13,9,54
1989/07/22,TO,19,82,48,21,6
1989/07/29,TO,29,82,51,53,59
1989/08/05,TO,37,84,57,38,61
1989/08/12,TO,3,70,59,68,52
1989/08/19,TO,35,9,80,6,26
1989/08/26,TO,33,41,72,82,86
1989/09/02,TO,56,78,26,89,31
1989/09/09,TO,39,21,46,81,85
1989/09/16,TO,88,21,5,23,25
1989/09/23,TO,10,72,50,44,6
1989/09/30,TO,49,42,88,31,12
1989/10/07,TO,12,28,60,85,10
1989/10/14,TO,47,73,38,53,36
1989/10/21,TO,30,29,50,46,41
1989/10/28,TO,86,38,72,22,47
1989/11/04,TO,69,3,2,78,54
1989/11/11,TO,27,41,88,53,17
1989/11/18,TO,21,47,29,24,85
1989/11/25,TO,42,79,61,89,65
1989/12/02,TO,29,16,74,61,53
1989/12/09,TO,37,62,24,76,5
1989/12/16,TO,40,10,71,75,43
1989/12/23,TO,5,49,78,56,85
1989/12/30,TO,37,68,64,12,69
1990/01/08,TO,42,11,47,59,40
1990/01/13,TO,40,58,39,4,62
1990/01/20,TO,64,52,34,63,65
1990/01/27,TO,61,70,41,85,56
1990/02/03,TO,13,32,39,48,72
1990/02/10,TO,79,62,50,73,67
1990/02/17,TO,4,63,2,9,51
1990/02/24,TO,16,52,36,5,41
1990/03/03,TO,75,72,40,87,82
1990/03/10,TO,43,56,25,60,37
1990/03/17,TO,18,4,14,55,13
1990/03/24,TO,78,9,39,81,33
1990/03/31,TO,59,38,85,76,40
1990/04/07,TO,70,80,87,63,62
1990/04/14,TO,90,49,74,61,37
1990/04/21,TO,7,14,58,89,34
1990/04/28,TO,58,76,28,12,79
1990/05/05,TO,28,47,21,50,59
1990/05/12,TO,19,28,14,39,18
1990/05/19,TO,87,81,28,44,31
1990/05/26,TO,72,42,7,6,32
1990/06/02,TO,20,89,10,66,61
1990/06/09,TO,39,51,47,27,68
1990/06/16,TO,45,43,87,41,75
1990/06/23,TO,21,7,88,51,69
1990/06/30,TO,84,1,69,36,49
1990/07/07,TO,79,9,82,42,80
1990/07/14,TO,64,3,89,80,74
1990/07/21,TO,19,31,87,73,15
1990/07/28,TO,52,12,58,34,69
1990/08/04,TO,65,48,19,6,90
1990/08/11,TO,35,69,86,54,78
1990/08/18,TO,30,68,13,33,21
1990/08/25,TO,61,5,31,42,43
1990/09/01,TO,17,60,35,78,68
1990/09/08,TO,20,18,90,66,55
1990/09/15,TO,55,37,27,35,18
1990/09/22,TO,31,13,65,28,43
1990/09/29,TO,3,9,10,74,38
1990/10/06,TO,6,7,15,17,47
1990/10/13,TO,1,47,75,40,22
1990/10/20,TO,53,32,8,62,46
1990/10/27,TO,77,69,21,68,67
1990/11/03,TO,73,39,88,15,60
1990/11/10,TO,58,17,43,86,89
1990/11/17,TO,38,75,21,2,85
1990/11/24,TO,58,47,56,90,57
1990/12/01,TO,88,53,79,58,65
1990/12/10,TO,69,89,53,73,38
1990/12/15,TO,79,37,52,76,38
1990/12/22,TO,58,37,49,47,86
1990/12/29,TO,59,17,76,2,71
1991/01/05,TO,9,54,87,46,31
1991/01/12,TO,43,68,20,14,8
1991/01/19,TO,90,50,84,69,78
1991/01/26,TO,61,16,12,82,88
1991/02/02,TO,86,13,1,3,66
1991/02/09,TO,15,21,57,32,83
1991/02/16,TO,76,50,2,30,20
1991/02/23,TO,27,65,73,47,16
1991/03/02,TO,86,33,22,60,59
1991/03/09,TO,12,64,1,8,78
1991/03/16,TO,13,76,66,40,72
1991/03/23,TO,78,82,88,8,7
1991/03/30,TO,8,80,78,23,63
1991/04/06,TO,52,40,50,89,47
1991/04/13,TO,56,17,69,36,27
1991/04/20,TO,1,65,41,72,28
1991/04/27,TO,22,83,68,1,6
1991/05/04,TO,66,30,79,25,6
1991/05/11,TO,83,60,45,10,3
1991/05/18,TO,27,32,19,77,18
1991/05/25,TO,46,54,81,56,51
1991/06/01,TO,41,55,85,22,37
1991/06/08,TO,78,58,51,13,83
1991/06/15,TO,79,65,84,35,2
1991/06/22,TO,5,66,86,6,83
1991/06/29,TO,15,64,58,25,79
1991/07/06,TO,31,73,29,68,17
1991/07/13,TO,52,75,44,33,58
1991/07/20,TO,13,74,10,56,11
1991/07/27,TO,36,26,4,24,69
1991/08/03,TO,77,15,76,89,7
1991/08/10,TO,1,9,11,8,2
1991/08/17,TO,33,67,38,66,43
1991/08/24,TO,62,69,45,84,19
1991/08/31,TO,43,5,62,45,64
1991/09/07,TO,71,1,46,15,43
1991/09/14,TO,4,26,37,90,38
1991/09/21,TO,85,78,43,4,79
1991/09/28,TO,55,74,56,59,17
1991/10/05,TO,71,75,38,81,34
1991/10/12,TO,80,49,90,86,35
1991/10/19,TO,9,50,33,6,85
1991/10/26,TO,76,22,5,52,79
1991/11/02,TO,67,73,74,42,17
1991/11/09,TO,3,59,68,53,4
1991/11/16,TO,69,49,25,74,28
1991/11/23,TO,68,60,5,11,87
1991/11/30,TO,85,42,49,60,52
1991/12/07,TO,6,39,31,59,56
1991/12/14,TO,60,39,88,22,5
1991/12/21,TO,51,52,35,9,7
1991/12/28,TO,70,57,20,81,65
1992/01/04,TO,24,31,62,45,17
1992/01/11,TO,83,10,22,49,36
1992/01/18,TO,1,12,63,19,87
1992/01/25,TO,49,72,78,54,89
1992/02/01,TO,34,45,58,88,21
1992/02/08,TO,34,78,45,59,35
1992/02/15,TO,2,80,67,17,87
1992/02/22,TO,54,2,6,14,65
1992/02/29,TO,5,85,7,20,90
1992/03/07,TO,81,56,65,88,76
1992/03/14,TO,31,64,77,84,2
1992/03/21,TO,20,38,84,36,53
1992/03/28,TO,13,51,22,89,83
1992/04/04,TO,39,84,3,72,44
1992/04/11,TO,65,31,44,59,61
1992/04/18,TO,61,82,87,70,65
1992/04/27,TO,40,82,68,59,39
1992/05/02,TO,81,31,30,10,3
1992/05/09,TO,7,63,76,38,61
1992/05/16,TO,17,68,73,74,5
1992/05/23,TO,15,11,23,42,16
1992/05/30,TO,68,47,75,31,59
1992/06/06,TO,90,60,81,84,32
1992/06/13,TO,13,1,18,3,69
1992/06/20,TO,66,16,33,77,61
1992/06/27,TO,10,38,69,15,49
1992/07/04,TO,57,9,39,66,54
1992/07/11,TO,39,62,68,82,56
1992/07/18,TO,83,3,24,35,10
1992/07/25,TO,14,31,69,60,72
1992/08/01,TO,72,33,77,37,6
1992/08/08,TO,62,74,19,38,27
1992/08/17,TO,76,19,3,72,45
1992/08/22,TO,18,66,90,75,12
1992/08/29,TO,35,68,77,17,20
1992/09/05,TO,11,81,42,36,69
1992/09/12,TO,38,6,44,85,63
1992/09/19,TO,4,29,76,69,54
1992/09/26,TO,5,70,86,35,33
1992/10/03,TO,44,41,12,47,4
1992/10/10,TO,25,81,9,55,61
1992/10/17,TO,49,31,22,90,13
1992/10/24,TO,14,78,26,48,44
1992/10/31,TO,63,21,58,59,20
1992/11/07,TO,33,86,82,12,65
1992/11/14,TO,72,84,56,55,27
1992/11/21,TO,56,85,1,13,78
1992/11/28,TO,41,65,64,39,55
1992/12/05,TO,73,88,69,61,8
1992/12/12,TO,55,5,37,48,22
1992/12/19,TO,59,60,9,51,37
1992/12/28,TO,4,36,34,23,82
1993/01/02,TO,75,41,87,85,28
1993/01/09,TO,12,41,38,67,73
1993/01/16,TO,77,33,2,8,10
1993/01/23,TO,2,56,28,52,51
1993/01/30,TO,75,23,81,49,60
1993/02/06,TO,59,69,40,26,49
1993/02/13,TO,14,8,66,80,86
1993/02/20,TO,60,56,37,8,53
1993/02/27,TO,79,87,60,39,55
1993/03/06,TO,84,45,65,54,4
1993/03/13,TO,50,72,73,5,74
1993/03/20,TO,77,46,49,12,82
1993/03/27,TO,58,75,52,50,1
1993/04/03,TO,41,25,8,57,51
1993/04/10,TO,65,29,7,86,83
1993/04/17,TO,86,46,8,60,52
1993/04/24,TO,63,1,34,8,28
1993/05/03,TO,57,76,16,80,33
1993/05/08,TO,75,34,61,31,26
1993/05/15,TO,39,9,6,70,65
1993/05/22,TO,69,65,52,29,68
1993/05/29,TO,31,26,3,46,10
1993/06/05,TO,68,67,57,25,6
1993/06/12,TO,20,51,47,2,86
1993/06/19,TO,86,79,8,25,44
1993/06/26,TO,55,83,89,69,31
1993/07/03,TO,28,45,27,79,20
1993/07/10,TO,88,36,82,37,75
1993/07/17,TO,30,8,65,27,46
1993/07/24,TO,22,56,72,88,77
1993/07/31,TO,34,22,78,25,44
1993/08/07,TO,17,24,59,30,31
1993/08/14,TO,88,73,50,62,58
1993/08/21,TO,80,12,68,15,14
1993/08/28,TO,51,21,43,73,47
1993/09/04,TO,62,37,17,85,8
1993/09/11,TO,23,25,82,89,48
1993/09/18,TO,51,8,65,29,85
1993/09/25,TO,33,83,88,48,13
1993/10/02,TO,79,83,62,67,74
1993/10/09,TO,51,2,1,77,37
1993/10/16,TO,68,88,42,36,19
1993/10/23,TO,51,29,88,86,32
1993/10/30,TO,62,60,90,31,73
1993/11/06,TO,82,8,64,37,63
1993/11/13,TO,20,74,90,21,75
1993/11/20,TO,48,26,86,68,81
1993/11/27,TO,28,79,78,77,3
1993/12/04,TO,5,30,9,62,55
1993/12/11,TO,42,34,74,84,63
1993/12/18,TO,25,43,28,82,21
1993/12/27,TO,20,54,19,31,33
1994/01/03,TO,27,75,70,10,51
1994/01/08,TO,4,16,24,1,90
1994/01/15,TO,85,70,46,52,57
1994/01/22,TO,88,26,8,67,46
1994/01/29,TO,33,17,70,6,12
1994/02/05,TO,16,71,20,81,6
1994/02/12,TO,5,84,86,78,30
1994/02/19,TO,40,26,33,22,75
1994/02/26,TO,28,26,39,29,76
1994/03/05,TO,68,86,14,79,20
1994/03/12,TO,56,10,44,47,85
1994/03/19,TO,27,34,17,78,19
1994/03/26,TO,59,29,82,58,45
1994/04/02,TO,26,53,32,79,27
1994/04/09,TO,40,8,83,59,6
1994/04/16,TO,74,11,25,64,48
1994/04/23,TO,68,14,27,75,21
1994/04/30,TO,74,49,38,51,61
1994/05/07,TO,17,71,76,55,45
1994/05/14,TO,78,11,82,20,81
1994/05/21,TO,65,52,89,73,55
1994/05/28,TO,22,15,7,59,24
1994/06/04,TO,84,10,62,26,23
1994/06/11,TO,82,88,1,17,57
1994/06/18,TO,83,6,16,7,61
1994/06/25,TO,51,50,60,10,11
1994/07/02,TO,36,30,50,76,74
1994/07/09,TO,88,57,9,6,58
1994/07/16,TO,36,76,86,30,64
1994/07/23,TO,36,26,58,6,80
1994/07/30,TO,1,65,69,39,46
1994/08/06,TO,11,80,23,64,81
1994/08/13,TO,73,75,45,81,11
1994/08/20,TO,31,37,2,64,54
1994/08/27,TO,73,34,78,44,70
1994/09/03,TO,55,62,22,38,41
1994/09/10,TO,40,9,84,43,5
1994/09/17,TO,12,38,88,60,13
1994/09/24,TO,28,86,6,42,62
1994/10/01,TO,90,79,81,12,20
1994/10/08,TO,34,18,79,58,89
1994/10/15,TO,58,35,70,84,79
1994/10/22,TO,3,29,72,52,40
1994/10/29,TO,43,45,34,47,18
1994/11/05,TO,31,60,58,69,85
1994/11/12,TO,86,52,25,41,60
1994/11/19,TO,36,81,71,88,48
1994/11/26,TO,77,36,37,79,60
1994/12/03,TO,67,85,59,47,73
1994/12/10,TO,67,89,63,13,31
1994/12/17,TO,20,54,66,60,17
1994/12/24,TO,62,4,53,50,63
1994/12/31,TO,36,13,56,1,33
1995/01/07,TO,49,69,73,76,3
1995/01/14,TO,32,64,76,53,78
1995/01/21,TO,74,17,84,33,52
1995/01/28,TO,70,14,82,77,59
1995/02/04,TO,28,62,14,5,39
1995/02/11,TO,90,87,27,21,35
1995/02/18,TO,14,46,4,44,47
1995/02/25,TO,63,49,27,79,60
1995/03/04,TO,19,22,57,48,24
1995/03/11,TO,36,80,79,38,29
1995/03/18,TO,51,13,52,64,15
1995/03/25,TO,85,36,26,30,32
1995/04/01,TO,78,21,52,83,73
1995/04/08,TO,2,83,40,44,10
1995/04/15,TO,12,45,79,80,59
1995/04/22,TO,55,60,19,40,56
1995/04/29,TO,82,47,19,40,64
1995/05/06,TO,25,76,80,28,27
1995/05/13,TO,5,76,10,78,90
1995/05/20,TO,30,34,12,39,9
1995/05/27,TO,26,65,62,60,86
1995/06/03,TO,12,41,79,5,30
1995/06/10,TO,48,31,86,34,81
1995/06/17,TO,46,60,54,27,2
1995/06/24,TO,69,47,33,26,35
1995/07/01,TO,64,29,52,61,4
1995/07/08,TO,81,86,43,58,12
1995/07/15,TO,36,31,49,40,47
1995/07/22,TO,70,66,16,67,18
1995/07/29,TO,54,9,69,32,22
1995/08/05,TO,49,89,86,29,79
1995/08/12,TO,19,12,18,47,30
1995/08/19,TO,39,31,82,22,3
1995/08/26,TO,30,52,85,22,84
1995/09/02,TO,48,65,88,54,77
1995/09/09,TO,87,55,61,17,34
1995/09/16,TO,45,56,31,39,23
1995/09/23,TO,27,81,45,68,43
1995/09/30,TO,40,80,19,85,37
1995/10/07,TO,78,11,42,71,33
1995/10/14,TO,48,55,35,67,81
1995/10/21,TO,85,68,76,71,59
1995/10/28,TO,89,26,28,55,57
1995/11/04,TO,2,65,37,35,27
1995/11/11,TO,53,10,58,30,85
1995/11/18,TO,52,75,30,27,37
1995/11/25,TO,63,26,70,64,79
1995/12/02,TO,21,4,36,11,64
1995/12/09,TO,6,7,10,58,18
1995/12/16,TO,88,76,5,67,40
1995/12/23,TO,4,24,16,49,6
1995/12/30,TO,77,28,82,87,48
1996/01/08,TO,90,4,84,59,67
1996/01/13,TO,35,12,48,55,21
1996/01/20,TO,17,18,10,34,81
1996/01/27,TO,8,85,77,9,32
1996/02/03,TO,31,80,48,83,59
1996/02/10,TO,82,59,40,15,28
1996/02/17,TO,2,87,20,5,89
1996/02/24,TO,77,24,4,6,84
1996/03/02,TO,81,86,32,59,49
1996/03/09,TO,24,31,35,71,2
1996/03/16,TO,31,80,71,74,82
1996/03/23,TO,37,29,87,33,79
1996/03/30,TO,25,32,8,68,30
1996/04/06,TO,84,35,31,46,20
1996/04/13,TO,77,27,51,37,5
1996/04/20,TO,55,13,83,16,5
1996/04/27,TO,13,54,36,12,40
1996/05/04,TO,82,88,49,57,8
1996/05/11,TO,89,31,44,62,75
1996/05/18,TO,11,50,85,59,47
1996/05/25,TO,7,25,61,29,26
1996/06/01,TO,30,45,63,38,52
1996/06/08,TO,82,37,38,76,63
1996/06/15,TO,67,68,28,51,35
1996/06/22,TO,59,90,31,56,49
1996/06/29,TO,50,90,13,67,31
1996/07/06,TO,17,63,62,51,31
1996/07/13,TO,49,24,60,82,31
1996/07/20,TO,37,69,85,30,41
1996/07/27,TO,13,46,52,38,60
1996/08/03,TO,21,15,63,4,80
1996/08/10,TO,72,4,42,81,3
1996/08/17,TO,41,12,5,67,64
1996/08/24,TO,9,44,36,12,34
1996/08/31,TO,48,32,52,46,85
1996/09/07,TO,73,22,2,31,61
1996/09/14,TO,13,62,46,5,79
1996/09/21,TO,19,28,48,89,20
1996/09/28,TO,80,16,44,81,24
1996/10/05,TO,14,77,21,7,39
1996/10/12,TO,82,84,31,20,35
1996/10/19,TO,29,60,8,3,59
1996/10/26,TO,13,33,18,7,37
1996/11/02,TO,89,54,76,84,53
1996/11/09,TO,66,51,11,78,84
1996/11/16,TO,86,52,70,4,35
1996/11/23,TO,21,17,23,22,8
1996/11/30,TO,32,31,18,42,54
1996/12/07,TO,74,6,63,76,36
1996/12/14,TO,75,20,62,76,36
1996/12/21,TO,84,21,38,35,47
1996/12/28,TO,90,82,62,31,23
1997/01/04,TO,64,41,46,56,30
1997/01/11,TO,22,33,77,48,55
1997/01/18,TO,82,3,32,5,18
1997/01/25,TO,49,37,81,14,24
1997/02/01,TO,73,79,82,66,53
1997/02/08,TO,60,3,68,79,85
1997/02/15,TO,60,75,21,38,7
1997/02/22,TO,58,81,1,11,2
1997/03/01,TO,75,30,10,19,59
1997/03/08,TO,74,30,78,62,58
1997/03/12,TO,37,5,76,72,44
1997/03/15,TO,41,11,3,51,10
1997/03/19,TO,9,81,59,45,74
1997/03/22,TO,11,54,53,55,49
1997/03/26,TO,31,4,87,13,78
1997/03/29,TO,33,67,48,85,3
1997/04/02,TO,74,55,61,51,5
1997/04/05,TO,13,28,16,74,39
1997/04/09,TO,73,10,25,38,66
1997/04/12,TO,57,84,16,54,83
1997/04/16,TO,3,40,35,41,83
1997/04/19,TO,84,35,66,78,17
1997/04/23,TO,13,31,85,86,3
1997/04/26,TO,84,90,25,66,35
1997/04/30,TO,87,13,42,9,78
1997/05/03,TO,76,27,22,77,42
1997/05/07,TO,18,43,73,15,46
1997/05/10,TO,87,13,12,16,41
1997/05/14,TO,46,86,37,18,2
1997/05/17,TO,22,26,87,69,72
1997/05/21,TO,14,34,58,44,20
1997/05/24,TO,90,73,17,85,41
1997/05/28,TO,68,30,67,28,53
1997/05/31,TO,2,42,30,47,4
1997/06/04,TO,36,86,4,43,27
1997/06/07,TO,8,82,29,48,5
1997/06/11,TO,45,12,51,56,22
1997/06/14,TO,7,74,58,6,16
1997/06/18,TO,29,39,41,90,4
1997/06/21,TO,79,29,7,27,9
1997/06/25,TO,28,43,79,30,71
1997/06/28,TO,74,43,18,47,85
1997/07/02,TO,87,89,29,39,61
1997/07/05,TO,45,3,88,50,53
1997/07/09,TO,58,52,81,36,65
1997/07/12,TO,33,42,68,73,85
1997/07/16,TO,83,8,80,61,20
1997/07/19,TO,90,3,66,85,51
1997/07/23,TO,64,29,2,79,33
1997/07/26,TO,29,10,21,49,56
1997/07/30,TO,34,64,16,59,46
1997/08/02,TO,29,5,81,36,20
1997/08/06,TO,87,57,54,50,1
1997/08/09,TO,50,39,83,64,5
1997/08/13,TO,53,19,81,14,73
1997/08/16,TO,77,5,17,4,86
1997/08/20,TO,12,60,81,59,7
1997/08/23,TO,45,65,10,70,49
1997/08/27,TO,76,90,9,18,25
1997/08/30,TO,35,51,71,54,14
1997/09/03,TO,5,53,86,14,65
1997/09/06,TO,2,43,74,77,59
1997/09/10,TO,82,55,1,2,73
1997/09/13,TO,10,36,31,34,86
1997/09/17,TO,69,64,32,5,85
1997/09/20,TO,66,17,9,2,35
1997/09/24,TO,86,34,40,45,11
1997/09/27,TO,83,70,53,66,9
1997/10/01,TO,44,29,39,38,21
1997/10/04,TO,42,11,59,66,37
1997/10/08,TO,46,5,80,83,53
1997/10/11,TO,10,20,70,29,3
1997/10/15,TO,24,43,47,2,87
1997/10/18,TO,1,8,50,5,76
1997/10/22,TO,71,90,78,54,81
1997/10/25,TO,24,27,19,63,69
1997/10/29,TO,74,78,27,16,58
1997/11/03,TO,12,52,6,38,42
1997/11/05,TO,72,42,70,75,25
1997/11/08,TO,74,76,4,87,68
1997/11/12,TO,16,72,82,54,90
1997/11/15,TO,83,64,88,52,84
1997/11/19,TO,9,53,26,51,80
1997/11/22,TO,20,79,8,37,72
1997/11/26,TO,2,81,47,65,51
1997/11/29,TO,31,19,60,48,10
1997/12/03,TO,63,82,23,22,90
1997/12/06,TO,61,17,30,11,56
1997/12/10,TO,31,49,83,87,47
1997/12/13,TO,64,16,5,15,80
1997/12/17,TO,50,13,83,12,9
1997/12/20,TO,63,88,44,42,66
1997/12/24,TO,22,81,83,42,61
1997/12/27,TO,71,5,40,6,83
1997/12/31,TO,39,4,44,12,67
1998/01/03,TO,82,1,7,88,77
1998/01/07,TO,43,31,30,86,58
1998/01/10,TO,32,81,41,17,27
1998/01/14,TO,52,70,12,43,1
1998/01/17,TO,61,42,3,67,4
1998/01/21,TO,44,53,76,22,6
1998/01/24,TO,88,83,63,10,61
1998/01/28,TO,56,8,63,3,18
1998/01/31,TO,42,33,65,90,76
1998/02/04,TO,3,80,51,64,78
1998/02/07,TO,45,28,52,16,60
1998/02/11,TO,41,65,56,73,88
1998/02/14,TO,25,85,2,61,65
1998/02/18,TO,1,56,24,47,41
1998/02/21,TO,84,19,6,28,76
1998/02/25,TO,2,90,63,14,60
1998/02/28,TO,15,67,27,83,9
1998/03/04,TO,26,89,63,20,40
1998/03/07,TO,66,78,43,56,80
1998/03/11,TO,86,28,35,81,16
1998/03/14,TO,41,12,28,68,9
1998/03/18,TO,7,30,52,71,41
1998/03/21,TO,32,89,43,58,64
1998/03/25,TO,20,90,59,15,43
1998/03/28,TO,32,81,45,79,10
1998/04/01,TO,27,21,28,74,6
1998/04/04,TO,12,8,24,74,29
1998/04/08,TO,88,67,87,60,40
1998/04/11,TO,28,11,37,33,15
1998/04/15,TO,32,72,75,74,2
1998/04/18,TO,45,23,90,81,86
1998/04/22,TO,56,50,48,3,46
1998/04/27,TO,83,24,10,80,84
1998/04/29,TO,33,2,35,11,61
1998/05/02,TO,30,23,47,46,78
1998/05/06,TO,79,82,30,27,22
1998/05/09,TO,29,7,70,24,35
1998/05/13,TO,62,61,82,52,74
1998/05/16,TO,17,58,86,12,21
1998/05/20,TO,2,68,65,70,73
1998/05/23,TO,77,65,32,22,35
1998/05/27,TO,59,78,85,58,52
1998/05/30,TO,53,17,76,45,35
1998/06/03,TO,1,54,82,89,17
1998/06/06,TO,78,42,20,31,44
1998/06/10,TO,28,89,68,43,15
1998/06/13,TO,19,8,50,44,11
1998/06/17,TO,18,82,7,74,71
1998/06/20,TO,86,18,70,9,81
1998/06/24,TO,67,81,73,23,17
1998/06/27,TO,16,49,87,76,39
1998/07/01,TO,90,10,2,27,70
1998/07/04,TO,83,57,20,2,21
1998/07/08,TO,16,47,6,75,56
1998/07/11,TO,55,64,3,39,81
1998/07/15,TO,20,16,69,85,64
1998/07/18,TO,15,53,77,18,30
1998/07/22,TO,1,57,32,78,61
1998/07/25,TO,89,43,38,21,54
1998/07/29,TO,52,28,77,80,11
1998/08/01,TO,70,9,36,64,20
1998/08/05,TO,87,51,61,34,50
1998/08/08,TO,28,27,66,85,3
1998/08/12,TO,69,81,83,31,46
1998/08/17,TO,67,90,52,24,10
1998/08/19,TO,39,60,28,36,89
1998/08/22,TO,9,64,69,73,56
1998/08/26,TO,66,56,86,20,39
1998/08/29,TO,36,51,79,10,20
1998/09/02,TO,4,86,9,66,88
1998/09/05,TO,47,38,75,16,81
1998/09/09,TO,25,12,27,59,20
1998/09/12,TO,15,37,40,52,47
1998/09/16,TO,2,81,49,46,53
1998/09/19,TO,60,48,74,84,34
1998/09/23,TO,55,71,2,27,31
1998/09/26,TO,86,52,62,80,4
1998/09/30,TO,82,27,7,66,77
1998/10/03,TO,28,56,89,14,16
1998/10/07,TO,35,73,6,51,69
1998/10/10,TO,61,12,70,6,20
1998/10/14,TO,71,88,23,60,32
1998/10/17,TO,57,15,56,9,4
1998/10/21,TO,80,47,56,89,42
1998/10/24,TO,18,56,45,6,27
1998/10/28,TO,14,76,74,46,64
1998/10/31,TO,52,45,87,88,10
1998/11/04,TO,71,58,37,84,48
1998/11/07,TO,29,77,5,49,15
1998/11/11,TO,12,44,75,15,84
1998/11/14,TO,83,89,87,74,33
1998/11/18,TO,66,27,23,24,84
1998/11/21,TO,39,48,33,15,53
1998/11/25,TO,85,11,1,45,71
1998/11/28,TO,43,32,24,65,14
1998/12/02,TO,33,32,84,74,86
1998/12/05,TO,1,69,89,54,67
1998/12/09,TO,59,48,41,32,67
1998/12/12,TO,48,16,28,33,2
1998/12/16,TO,51,1,20,31,2
1998/12/19,TO,3,60,25,67,64
1998/12/23,TO,42,18,15,77,74
1998/12/28,TO,84,42,85,82,79
1998/12/30,TO,59,10,38,46,27
1999/01/02,TO,41,19,23,2,84
1999/01/07,TO,67,26,62,90,49
1999/01/09,TO,67,58,47,65,78
1999/01/13,TO,36,54,37,81,30
1999/01/16,TO,46,3,22,49,65
1999/01/20,TO,36,85,39,22,75
1999/01/23,TO,62,45,70,1,12
1999/01/27,TO,45,1,29,69,90
1999/01/30,TO,66,77,62,55,23
1999/02/03,TO,71,41,70,80,72
1999/02/06,TO,22,10,76,2,23
1999/02/10,TO,19,12,18,62,28
1999/02/13,TO,58,42,50,83,27
1999/02/17,TO,80,44,42,78,21
1999/02/20,TO,48,87,57,42,76
1999/02/24,TO,37,71,85,62,47
1999/02/27,TO,45,67,48,17,46
1999/03/03,TO,42,73,16,29,61
1999/03/06,TO,10,51,56,57,11
1999/03/10,TO,21,89,35,73,17
1999/03/13,TO,36,37,53,38,79
1999/03/17,TO,43,55,1,18,9
1999/03/20,TO,85,21,78,49,67
1999/03/24,TO,6,33,4,9,52
1999/03/27,TO,48,29,49,47,6
1999/03/31,TO,10,53,7,86,6
1999/04/03,TO,18,59,26,50,58
1999/04/07,TO,2,11,6,30,21
1999/04/10,TO,60,25,68,10,20
1999/04/14,TO,45,54,65,87,86
1999/04/17,TO,36,49,76,90,19
1999/04/21,TO,47,81,56,35,82
1999/04/24,TO,88,12,45,80,61
1999/04/28,TO,77,52,50,10,90
1999/05/03,TO,39,49,75,5,69
1999/05/05,TO,10,84,38,3,35
1999/05/08,TO,14,2,28,35,9
1999/05/12,TO,70,79,57,87,88
1999/05/15,TO,74,85,48,25,89
1999/05/19,TO,19,43,73,75,87
1999/05/22,TO,39,42,31,86,72
1999/05/26,TO,1,57,61,48,74
1999/05/29,TO,12,3,16,62,32
1999/06/02,TO,32,61,40,65,5
1999/06/05,TO,28,25,79,45,65
1999/06/09,TO,83,45,54,33,28
1999/06/12,TO,15,8,52,65,25
1999/06/16,TO,2,34,90,1,50
1999/06/19,TO,70,18,65,51,47
1999/06/23,TO,51,35,6,66,15
1999/06/26,TO,53,5,73,35,24
1999/06/30,TO,54,48,49,38,73
1999/07/03,TO,20,64,60,31,25
1999/07/07,TO,19,84,18,13,39
1999/07/10,TO,81,88,22,42,8
1999/07/14,TO,48,69,41,63,37
1999/07/17,TO,63,34,62,48,53
1999/07/21,TO,67,48,28,54,52
1999/07/24,TO,35,75,82,54,9
1999/07/28,TO,90,57,89,87,56
1999/07/31,TO,24,35,39,37,4
1999/08/04,TO,33,61,57,54,9
1999/08/07,TO,19,60,6,71,26
1999/08/11,TO,70,26,46,27,4
1999/08/14,TO,80,65,21,90,46
1999/08/18,TO,40,28,80,9,29
1999/08/21,TO,66,10,75,4,7
1999/08/25,TO,25,9,81,36,31
1999/08/28,TO,15,46,9,66,21
1999/09/01,TO,18,13,10,62,68
1999/09/04,TO,2,39,42,89,88
1999/09/08,TO,78,35,62,1,49
1999/09/11,TO,86,44,62,34,64
1999/09/15,TO,30,90,54,60,41
1999/09/18,TO,88,52,37,78,1
1999/09/22,TO,35,33,39,34,10
1999/09/25,TO,85,2,52,9,41
1999/09/29,TO,11,49,67,13,50
1999/10/02,TO,27,18,80,25,50
1999/10/06,TO,48,20,1,44,75
1999/10/09,TO,9,25,88,68,23
1999/10/13,TO,62,68,9,90,56
1999/10/16,TO,24,69,30,20,59
1999/10/20,TO,67,85,75,14,84
1999/10/23,TO,87,19,52,41,42
1999/10/27,TO,29,10,78,74,8
1999/10/30,TO,56,21,51,69,47
1999/11/03,TO,11,32,35,51,45
1999/11/06,TO,87,28,36,64,86
1999/11/10,TO,66,15,89,63,46
1999/11/13,TO,76,44,16,41,46
1999/11/17,TO,82,4,61,55,34
1999/11/20,TO,38,14,13,66,10
1999/11/24,TO,32,80,89,12,70
1999/11/27,TO,56,18,70,64,75
1999/12/01,TO,36,72,70,51,81
1999/12/04,TO,81,68,70,41,34
1999/12/09,TO,77,71,25,6,59
1999/12/11,TO,42,87,54,44,64
1999/12/15,TO,45,5,88,44,39
1999/12/18,TO,79,28,85,70,44
1999/12/22,TO,64,47,76,26,42
1999/12/27,TO,40,78,41,16,33
1999/12/29,TO,46,42,57,72,5
2000/01/03,TO,48,55,84,44,25
2000/01/05,TO,14,19,18,8,69
2000/01/08,TO,63,33,86,24,23
2000/01/12,TO,87,43,76,46,36
2000/01/15,TO,8,47,52,27,28
2000/01/19,TO,68,50,63,87,88
2000/01/22,TO,60,40,75,17,45
2000/01/26,TO,89,64,70,71,52
2000/01/29,TO,2,9,52,32,16
2000/02/02,TO,25,62,51,54,33
2000/02/05,TO,53,51,41,74,50
2000/02/09,TO,89,15,11,43,23
2000/02/12,TO,38,6,63,29,88
2000/02/16,TO,38,5,65,39,3
2000/02/19,TO,87,83,55,80,25
2000/02/23,TO,29,47,68,60,55
2000/02/26,TO,39,52,28,75,54
2000/03/01,TO,14,40,24,62,76
2000/03/04,TO,78,62,87,31,37
2000/03/08,TO,24,83,53,57,6
2000/03/11,TO,58,78,83,88,34
2000/03/15,TO,22,68,20,28,38
2000/03/18,TO,44,34,49,10,41
2000/03/22,TO,41,85,40,54,2
2000/03/25,TO,26,82,14,18,51
2000/03/29,TO,18,14,36,17,82
2000/04/01,TO,49,74,9,90,31
2000/04/05,TO,90,76,66,11,10
2000/04/08,TO,61,47,27,13,46
2000/04/12,TO,63,46,30,40,27
2000/04/15,TO,66,79,22,61,3
2000/04/19,TO,66,44,88,54,28
2000/04/22,TO,86,32,12,56,37
2000/04/26,TO,56,4,23,50,73
2000/04/29,TO,61,90,8,63,56
2000/05/03,TO,18,17,6,3,2
2000/05/06,TO,14,49,24,31,51
2000/05/10,TO,12,30,76,90,89
2000/05/13,TO,80,53,85,13,19
2000/05/17,TO,39,67,37,75,22
2000/05/20,TO,38,56,48,68,76
2000/05/24,TO,32,77,14,38,33
2000/05/27,TO,49,42,50,86,30
2000/05/31,TO,48,40,82,56,22
2000/06/03,TO,75,89,68,28,26
2000/06/07,TO,14,35,90,11,67
2000/06/10,TO,34,4,43,81,37
2000/06/14,TO,81,70,27,9,79
2000/06/17,TO,71,39,20,19,32
2000/06/21,TO,17,51,84,83,53
2000/06/24,TO,56,88,71,28,62
2000/06/28,TO,78,5,62,77,71
2000/07/01,TO,62,12,48,5,7
2000/07/05,TO,33,6,21,39,1
2000/07/08,TO,48,76,45,8,19
2000/07/12,TO,41,53,4,50,15
2000/07/15,TO,48,29,38,43,86
2000/07/19,TO,32,52,22,25,6
2000/07/22,TO,78,35,22,5,51
2000/07/26,TO,32,15,9,35,84
2000/07/29,TO,50,70,66,43,26
2000/08/02,TO,37,13,17,83,5
2000/08/05,TO,58,1,28,62,50
2000/08/09,TO,16,30,87,26,53
2000/08/12,TO,19,5,20,4,2
2000/08/16,TO,19,90,54,60,42
2000/08/19,TO,42,4,55,5,50
2000/08/23,TO,83,5,29,69,16
2000/08/26,TO,17,42,77,70,36
2000/08/30,TO,48,56,26,23,50
2000/09/02,TO,24,68,37,52,76
2000/09/06,TO,71,80,12,13,24
2000/09/09,TO,70,16,50,26,58
2000/09/13,TO,31,17,68,1,37
2000/09/16,TO,66,57,24,86,73
2000/09/20,TO,63,38,10,74,55
2000/09/23,TO,44,46,71,48,49
2000/09/27,TO,39,34,7,74,77
2000/09/30,TO,63,49,45,53,19
2000/10/04,TO,47,24,67,64,80
2000/10/07,TO,84,29,3,2,47
2000/10/11,TO,68,42,80,76,74
2000/10/14,TO,63,8,73,39,51
2000/10/18,TO,8,77,14,83,61
2000/10/21,TO,75,72,69,3,20
2000/10/25,TO,76,49,48,57,89
2000/10/28,TO,20,54,87,17,52
2000/11/02,TO,29,45,71,51,25
2000/11/04,TO,40,44,7,2,80
2000/11/08,TO,66,45,67,85,68
2000/11/11,TO,20,62,71,31,75
2000/11/15,TO,56,71,39,28,24
2000/11/18,TO,27,60,19,26,65
2000/11/22,TO,39,5,17,72,69
2000/11/25,TO,18,27,42,6,59
2000/11/29,TO,25,31,75,39,19
2000/12/02,TO,33,62,2,29,20
2000/12/06,TO,74,40,31,56,34
2000/12/09,TO,8,64,57,4,35
2000/12/13,TO,49,33,21,62,5
2000/12/16,TO,46,71,38,26,81
2000/12/20,TO,90,40,68,88,7
2000/12/23,TO,31,39,11,27,44
2000/12/27,TO,37,32,48,57,50
2000/12/30,TO,23,8,70,35,39
2001/01/03,TO,42,16,12,60,20
2001/01/08,TO,90,50,20,59,3
2001/01/10,TO,89,51,10,70,84
2001/01/13,TO,87,52,53,45,40
2001/01/17,TO,72,68,43,66,14
2001/01/20,TO,39,16,47,85,12
2001/01/24,TO,74,82,45,46,30
2001/01/27,TO,70,12,62,6,14
2001/01/31,TO,21,71,72,67,50
2001/02/03,TO,25,66,52,47,70
2001/02/07,TO,85,87,45,31,10
2001/02/10,TO,36,7,38,64,68
2001/02/14,TO,89,77,22,31,63
2001/02/17,TO,67,62,49,81,7
2001/02/21,TO,78,7,34,73,66
2001/02/24,TO,26,47,57,6,78
2001/02/28,TO,31,36,4,7,87
2001/03/03,TO,50,63,67,15,11
2001/03/07,TO,68,4,34,75,51
2001/03/10,TO,22,35,14,68,57
2001/03/14,TO,89,35,5,27,63
2001/03/17,TO,72,81,2,88,43
2001/03/21,TO,49,78,65,81,89
2001/03/24,TO,45,50,39,42,58
2001/03/28,TO,19,16,46,43,10
2001/03/31,TO,57,12,88,43,89
2001/04/04,TO,76,50,49,33,30
2001/04/07,TO,76,84,37,78,72
2001/04/11,TO,88,43,25,35,53
2001/04/14,TO,73,69,5,87,44
2001/04/18,TO,31,19,47,88,62
2001/04/21,TO,7,85,29,65,61
2001/04/26,TO,38,24,6,23,54
2001/04/28,TO,52,9,12,61,36
2001/05/02,TO,45,52,41,48,1
2001/05/05,TO,7,14,48,89,35
2001/05/09,TO,31,60,14,59,37
2001/05/12,TO,47,49,89,60,41
2001/05/16,TO,64,36,1,88,33
2001/05/19,TO,73,9,45,19,51
2001/05/23,TO,68,30,54,21,41
2001/05/26,TO,68,4,11,42,45
2001/05/30,TO,2,84,72,51,67
2001/06/04,TO,7,41,70,12,10
2001/06/06,TO,72,21,17,23,26
2001/06/09,TO,24,88,50,1,49
2001/06/13,TO,27,86,30,51,26
2001/06/16,TO,88,37,82,79,30
2001/06/20,TO,45,72,81,84,4
2001/06/23,TO,75,42,12,11,32
2001/06/27,TO,67,54,16,69,59
2001/06/30,TO,23,15,73,11,1
2001/07/04,TO,77,54,51,40,67
2001/07/07,TO,33,32,67,10,81
2001/07/11,TO,17,7,5,19,34
2001/07/14,TO,46,84,1,38,65
2001/07/18,TO,20,83,36,2,42
2001/07/21,TO,9,29,88,87,52
2001/07/25,TO,32,33,13,60,69
2001/07/28,TO,9,28,11,74,42
2001/08/01,TO,63,29,19,73,82
2001/08/04,TO,73,64,32,61,20
2001/08/08,TO,19,56,39,12,57
2001/08/11,TO,23,3,73,13,63
2001/08/16,TO,13,60,77,40,43
2001/08/18,TO,45,72,6,76,47
2001/08/22,TO,55,17,56,69,9
2001/08/25,TO,12,34,44,33,84
2001/08/29,TO,80,75,33,65,35
2001/09/01,TO,84,66,6,26,55
2001/09/05,TO,90,55,19,53,1
2001/09/08,TO,27,68,73,81,4
2001/09/12,TO,86,42,56,45,46
2001/09/15,TO,27,65,55,90,30
2001/09/19,TO,31,16,57,56,87
2001/09/22,TO,36,67,11,12,28
2001/09/26,TO,33,87,21,4,25
2001/09/29,TO,38,78,53,64,63
2001/10/03,TO,75,89,31,57,78
2001/10/06,TO,77,16,65,15,61
2001/10/10,TO,73,87,40,20,2
2001/10/13,TO,90,73,9,62,84
2001/10/17,TO,25,32,13,75,50
2001/10/20,TO,36,67,33,53,9
2001/10/24,TO,88,72,37,51,24
2001/10/27,TO,66,43,88,45,14
2001/10/31,TO,58,67,42,10,44
2001/11/03,TO,31,82,58,10,46
2001/11/07,TO,66,61,56,63,13
2001/11/10,TO,36,77,5,74,34
2001/11/14,TO,61,8,47,33,32
2001/11/17,TO,33,67,80,55,41
2001/11/21,TO,58,44,18,85,63
2001/11/24,TO,76,81,42,70,61
2001/11/28,TO,85,38,59,35,8
2001/12/01,TO,81,50,61,19,83
2001/12/05,TO,59,41,68,66,2
2001/12/10,TO,2,15,55,80,84
2001/12/12,TO,16,52,89,56,25
2001/12/15,TO,45,33,50,23,85
2001/12/19,TO,49,18,69,28,9
2001/12/22,TO,30,54,28,26,82
2001/12/27,TO,52,37,3,62,85
2001/12/29,TO,40,33,30,84,46
2001/12/31,TO,54,66,24,82,33
2002/01/02,TO,75,16,64,38,60
2002/01/05,TO,49,83,61,38,58
2002/01/09,TO,39,32,55,40,47
2002/01/12,TO,79,80,28,49,11
2002/01/16,TO,39,42,26,1,37
2002/01/19,TO,81,54,39,24,27
2002/01/23,TO,70,54,10,59,79
2002/01/26,TO,47,13,67,85,69
2002/01/30,TO,21,83,27,51,20
2002/02/02,TO,77,90,54,80,32
2002/02/06,TO,10,78,45,40,42
2002/02/09,TO,36,22,15,59,8
2002/02/13,TO,14,52,75,84,23
2002/02/16,TO,22,3,44,49,66
2002/02/20,TO,85,27,16,49,77
2002/02/23,TO,29,4,38,35,34
2002/02/27,TO,42,68,9,83,44
2002/03/02,TO,29,71,77,72,32
2002/03/06,TO,7,60,37,66,26
2002/03/09,TO,77,90,18,40,19
2002/03/13,TO,85,86,89,54,37
2002/03/16,TO,25,23,27,39,46
2002/03/20,TO,60,4,72,14,68
2002/03/23,TO,64,52,47,89,13
2002/03/27,TO,78,49,26,44,48
2002/03/30,TO,65,12,88,38,14
2002/04/03,TO,27,42,16,26,79
2002/04/06,TO,53,33,63,56,7
2002/04/10,TO,39,28,32,48,46
2002/04/13,TO,45,13,11,84,16
2002/04/17,TO,23,7,83,57,62
2002/04/20,TO,23,74,15,60,16
2002/04/24,TO,77,47,61,5,65
2002/04/27,TO,83,28,22,66,41
2002/05/02,TO,39,26,18,77,58
2002/05/04,TO,43,7,29,66,17
2002/05/08,TO,2,56,42,26,77
2002/05/11,TO,66,69,62,20,61
2002/05/15,TO,5,64,82,20,4
2002/05/18,TO,31,46,20,86,4
2002/05/22,TO,70,75,56,88,53
2002/05/25,TO,71,61,48,76,56
2002/05/29,TO,59,41,48,1,27
2002/06/01,TO,81,77,34,37,27
2002/06/05,TO,3,37,32,67,31
2002/06/08,TO,88,51,46,37,49
2002/06/12,TO,71,65,39,80,10
2002/06/15,TO,18,40,6,46,79
2002/06/19,TO,80,48,31,23,58
2002/06/22,TO,76,13,11,8,86
2002/06/26,TO,25,29,13,62,8
2002/06/29,TO,66,74,16,23,45
2002/07/03,TO,60,57,21,77,69
2002/07/06,TO,88,25,29,45,27
2002/07/10,TO,11,30,31,52,63
2002/07/13,TO,10,79,46,30,84
2002/07/17,TO,21,55,9,72,23
2002/07/20,TO,61,89,2,16,29
2002/07/24,TO,65,18,62,70,75
2002/07/27,TO,56,23,9,6,12
2002/07/31,TO,83,15,86,18,10
2002/08/03,TO,3,54,42,61,12
2002/08/07,TO,43,54,73,49,80
2002/08/10,TO,47,66,73,26,1
2002/08/14,TO,6,45,78,34,24
2002/08/17,TO,54,11,51,17,81
2002/08/21,TO,4,67,29,59,18
2002/08/24,TO,1,85,15,23,47
2002/08/28,TO,9,75,89,24,80
2002/08/31,TO,23,72,57,74,15
2002/09/04,TO,28,54,61,29,15
2002/09/07,TO,88,72,85,34,87
2002/09/11,TO,63,50,79,42,52
2002/09/14,TO,90,7,87,53,37
2002/09/18,TO,40,45,41,24,8
2002/09/21,TO,10,87,53,7,58
2002/09/25,TO,69,44,48,85,63
2002/09/28,TO,42,52,71,66,84
2002/10/02,TO,77,40,62,65,81
2002/10/05,TO,82,47,15,23,89
2002/10/09,TO,32,5,26,19,6
2002/10/12,TO,78,81,85,51,30
2002/10/16,TO,32,1,34,39,87
2002/10/19,TO,1,13,26,16,72
2002/10/23,TO,4,37,14,12,75
2002/10/26,TO,28,84,17,21,83
2002/10/30,TO,71,89,64,63,30
2002/11/02,TO,63,79,21,26,51
2002/11/06,TO,41,12,72,25,60
2002/11/09,TO,21,55,9,84,27
2002/11/13,TO,20,51,48,39,2
2002/11/16,TO,1,70,62,2,7
2002/11/20,TO,55,73,69,8,15
2002/11/23,TO,3,82,85,5,12
2002/11/27,TO,64,54,17,82,23
2002/11/30,TO,35,80,76,19,82
2002/12/03,TO,40,35,58,2,9
2002/12/05,TO,34,76,20,64,13
2002/12/07,TO,35,50,22,65,6
2002/12/10,TO,16,52,1,65,45
2002/12/12,TO,40,31,55,44,5
2002/12/14,TO,33,6,53,1,51
2002/12/17,TO,9,37,15,30,22
2002/12/19,TO,61,83,86,1,47
2002/12/21,TO,57,37,80,3,85
2002/12/24,TO,36,12,45,17,83
2002/12/27,TO,88,79,69,47,20
2002/12/28,TO,5,74,9,27,84
2002/12/31,TO,70,22,49,6,52
2003/01/02,TO,73,48,24,22,11
2003/01/04,TO,68,45,76,25,53
2003/01/08,TO,77,62,49,57,17
2003/01/11,TO,80,86,38,43,58
2003/01/15,TO,62,76,30,32,55
2003/01/18,TO,83,68,20,34,7
2003/01/22,TO,12,40,34,57,54
2003/01/25,TO,90,36,72,3,26
2003/01/29,TO,42,54,83,79,65
2003/02/01,TO,25,74,26,21,80
2003/02/05,TO,10,79,18,5,15
2003/02/08,TO,51,88,83,1,45
2003/02/12,TO,90,86,9,46,70
2003/02/15,TO,26,41,89,9,69
2003/02/19,TO,89,29,66,26,7
2003/02/22,TO,13,48,19,32,18
2003/02/26,TO,8,26,16,43,84
2003/03/01,TO,16,68,6,29,53
2003/03/05,TO,57,89,17,3,9
2003/03/08,TO,73,48,20,55,88
2003/03/12,TO,2,89,73,65,43
2003/03/15,TO,18,56,27,24,68
2003/03/19,TO,68,6,7,57,20
2003/03/22,TO,12,13,85,7,9
2003/03/26,TO,30,47,50,74,25
2003/03/29,TO,64,7,40,74,61
2003/04/02,TO,32,28,17,77,9
2003/04/05,TO,82,41,12,34,62
2003/04/09,TO,38,64,2,8,37
2003/04/12,TO,51,74,88,48,65
2003/04/16,TO,21,50,31,11,37
2003/04/19,TO,22,53,90,32,44
2003/04/23,TO,78,82,22,23,40
2003/04/26,TO,58,28,14,59,42
2003/04/30,TO,43,32,85,36,83
2003/05/03,TO,18,86,64,50,89
2003/05/07,TO,1,10,38,9,45
2003/05/10,TO,17,71,27,57,76
2003/05/14,TO,88,85,28,47,41
2003/05/17,TO,86,85,48,51,61
2003/05/21,TO,10,71,32,35,73
2003/05/24,TO,33,19,88,53,20
2003/05/28,TO,26,76,54,16,22
2003/05/31,TO,36,49,18,5,63
2003/06/04,TO,60,61,42,65,79
2003/06/07,TO,82,32,30,16,66
2003/06/11,TO,40,22,46,3,50
2003/06/14,TO,84,12,5,17,18
2003/06/18,TO,3,30,25,50,79
2003/06/21,TO,17,28,26,84,87
2003/06/25,TO,57,55,76,18,86
2003/06/28,TO,32,48,83,79,76
2003/07/02,TO,39,64,11,52,35
2003/07/05,TO,81,80,89,37,44
2003/07/09,TO,60,19,10,71,90
2003/07/12,TO,83,36,1,45,32
2003/07/16,TO,29,70,75,77,5
2003/07/19,TO,49,16,76,7,1
2003/07/23,TO,78,2,38,3,48
2003/07/26,TO,48,12,20,42,63
2003/07/30,TO,13,7,32,43,56
2003/08/02,TO,48,65,88,59,42
2003/08/06,TO,35,87,86,53,39
2003/08/09,TO,89,46,32,45,30
2003/08/13,TO,2,28,16,20,10
2003/08/16,TO,76,52,88,35,3
2003/08/20,TO,28,47,21,29,68
2003/08/23,TO,70,53,27,11,68
2003/08/27,TO,87,12,88,8,48
2003/08/30,TO,7,19,6,17,36
2003/09/03,TO,82,40,23,67,90
2003/09/06,TO,28,16,3,44,54
2003/09/10,TO,50,8,89,69,53
2003/09/13,TO,32,16,67,8,81
2003/09/17,TO,15,87,13,48,64
2003/09/20,TO,8,16,70,44,39
2003/09/24,TO,22,67,25,88,72
2003/09/27,TO,87,56,85,17,44
2003/10/01,TO,25,47,79,32,83
2003/10/04,TO,23,90,13,2,45
2003/10/08,TO,25,44,54,41,13
2003/10/11,TO,40,10,35,4,13
2003/10/15,TO,23,4,26,7,59
2003/10/18,TO,6,37,38,63,46
2003/10/22,TO,61,45,24,83,59
2003/10/25,TO,82,31,38,4,79
2003/10/29,TO,14,10,82,37,64
2003/11/03,TO,35,68,11,90,53
2003/11/05,TO,4,90,44,7,72
2003/11/08,TO,20,73,9,11,40
2003/11/12,TO,7,2,64,52,29
2003/11/15,TO,55,52,83,24,71
2003/11/19,TO,9,33,57,47,89
2003/11/22,TO,9,78,64,36,87
2003/11/26,TO,22,10,60,27,88
2003/11/29,TO,15,9,79,86,34
2003/12/03,TO,33,22,36,82,48
2003/12/06,TO,24,5,71,83,51
2003/12/10,TO,58,30,82,35,68
2003/12/13,TO,39,24,4,64,23
2003/12/17,TO,40,2,88,47,75
2003/12/20,TO,38,21,32,73,5
2003/12/24,TO,58,84,56,25,73
2003/12/27,TO,24,87,10,14,77
2003/12/31,TO,84,80,30,82,52
2004/01/03,TO,23,14,1,53,69
2004/01/07,TO,46,75,51,4,26
2004/01/10,TO,11,71,42,64,56
2004/01/14,TO,73,6,88,26,40
2004/01/17,TO,38,35,47,79,28
2004/01/21,TO,53,27,52,47,67
2004/01/24,TO,36,55,33,65,26
2004/01/28,TO,23,53,89,5,51
2004/01/31,TO,11,14,28,69,33
2004/02/04,TO,84,22,87,35,50
2004/02/07,TO,15,48,42,24,17
2004/02/11,TO,86,89,83,35,41
2004/02/14,TO,24,14,71,79,50
2004/02/18,TO,27,58,14,42,16
2004/02/21,TO,38,59,34,44,27
2004/02/25,TO,1,31,85,87,23
2004/02/28,TO,57,80,30,54,79
2004/03/03,TO,13,83,84,64,67
2004/03/06,TO,2,30,34,1,50
2004/03/10,TO,31,28,81,30,33
2004/03/13,TO,80,82,75,43,67
2004/03/17,TO,2,4,62,42,6
2004/03/20,TO,10,8,18,22,67
2004/03/24,TO,2,63,55,52,11
2004/03/27,TO,86,90,42,78,6
2004/03/31,TO,86,35,51,34,29
2004/04/03,TO,62,66,74,87,58
2004/04/07,TO,45,38,79,37,36
2004/04/10,TO,23,86,64,51,36
2004/04/14,TO,3,15,74,51,23
2004/04/17,TO,70,3,22,84,12
2004/04/21,TO,84,11,88,48,8
2004/04/24,TO,27,4,69,70,35
2004/04/28,TO,74,26,20,14,51
2004/05/03,TO,44,1,89,22,43
2004/05/05,TO,87,68,61,88,15
2004/05/08,TO,5,10,38,66,71
2004/05/12,TO,68,32,78,76,59
2004/05/15,TO,54,61,52,56,31
2004/05/19,TO,80,85,9,82,42
2004/05/22,TO,90,40,58,82,88
2004/05/26,TO,23,46,34,40,58
2004/05/29,TO,37,56,5,22,67
2004/06/03,TO,82,23,17,9,54
2004/06/05,TO,73,37,70,61,30
2004/06/09,TO,53,63,42,83,27
2004/06/12,TO,85,55,5,19,17
2004/06/16,TO,55,66,13,49,18
2004/06/19,TO,6,25,42,58,41
2004/06/23,TO,66,47,88,81,49
2004/06/26,TO,89,67,86,4,1
2004/06/30,TO,7,28,53,72,33
2004/07/03,TO,6,30,56,64,83
2004/07/07,TO,11,88,32,71,55
2004/07/10,TO,16,9,37,88,75
2004/07/14,TO,11,24,61,10,73
2004/07/17,TO,86,90,15,10,20
2004/07/21,TO,20,17,66,30,71
2004/07/24,TO,28,24,14,90,55
2004/07/28,TO,3,4,36,21,80
2004/07/31,TO,87,52,65,49,68
2004/08/04,TO,63,15,38,41,72
2004/08/07,TO,86,22,80,71,79
2004/08/11,TO,64,10,49,85,80
2004/08/14,TO,39,67,83,61,10
2004/08/18,TO,83,30,78,25,62
2004/08/21,TO,88,52,21,62,79
2004/08/25,TO,88,51,76,48,89
2004/08/28,TO,90,75,88,53,20
2004/09/01,TO,3,24,66,57,67
2004/09/04,TO,75,19,6,42,15
2004/09/08,TO,68,47,74,45,28
2004/09/11,TO,57,46,36,35,10
2004/09/15,TO,43,46,35,8,66
2004/09/18,TO,86,71,77,48,8
2004/09/22,TO,17,79,65,7,42
2004/09/25,TO,24,35,20,47,32
2004/09/29,TO,2,60,39,8,41
2004/10/02,TO,34,84,73,87,13
2004/10/06,TO,88,59,61,38,76
2004/10/09,TO,49,78,4,14,58
2004/10/13,TO,12,87,84,42,17
2004/10/16,TO,84,22,16,75,33
2004/10/20,TO,1,31,36,54,24
2004/10/23,TO,19,84,1,69,22
2004/10/27,TO,2,47,72,7,13
2004/10/30,TO,69,42,11,72,73
2004/11/03,TO,50,19,31,45,2
2004/11/06,TO,23,56,51,24,44
2004/11/10,TO,24,33,25,84,4
2004/11/13,TO,74,88,3,32,43
2004/11/17,TO,35,15,49,10,19
2004/11/20,TO,15,17,60,46,38
2004/11/24,TO,68,26,37,67,59
2004/11/27,TO,72,25,88,87,16
2004/12/01,TO,5,35,83,52,87
2004/12/04,TO,5,43,77,57,87
2004/12/09,TO,19,1,5,40,73
2004/12/11,TO,88,85,5,58,59
2004/12/15,TO,24,42,85,61,54
2004/12/18,TO,88,84,74,37,34
2004/12/22,TO,53,35,72,90,24
2004/12/27,TO,14,56,29,86,77
2004/12/29,TO,81,1,33,24,56
2005/01/03,TO,74,2,3,68,34
2005/01/05,TO,12,33,35,20,71
2005/01/08,TO,11,47,40,5,23
2005/01/12,TO,74,15,90,66,3
2005/01/15,TO,84,18,28,65,33
2005/01/19,TO,71,64,12,47,35
2005/01/22,TO,9,63,49,79,78
2005/01/26,TO,82,79,38,77,76
2005/01/29,TO,42,1,12,39,9
2005/02/02,TO,83,59,87,30,10
2005/02/05,TO,67,87,21,39,18
2005/02/09,TO,51,8,28,88,2
2005/02/12,TO,35,50,31,21,45
2005/02/16,TO,55,13,6,44,60
2005/02/19,TO,57,69,15,29,56
2005/02/23,TO,24,1,83,85,29
2005/02/26,TO,8,66,42,26,19
2005/03/02,TO,37,31,44,1,21
2005/03/05,TO,70,35,38,11,76
2005/03/09,TO,64,67,82,65,27
2005/03/12,TO,42,67,4,53,32
2005/03/16,TO,42,52,57,62,70
2005/03/19,TO,16,14,62,8,64
2005/03/23,TO,48,72,33,1,59
2005/03/26,TO,22,76,13,11,5
2005/03/30,TO,76,38,27,68,82
2005/04/02,TO,37,39,83,49,78
2005/04/06,TO,2,56,87,1,60
2005/04/09,TO,57,59,79,13,88
2005/04/13,TO,83,79,76,1,60
2005/04/16,TO,87,35,89,42,24
2005/04/20,TO,32,18,72,14,67
2005/04/23,TO,23,65,76,78,35
2005/04/27,TO,54,49,66,30,3
2005/04/30,TO,76,22,8,40,68
2005/05/04,TO,23,75,18,39,31
2005/05/07,TO,78,13,15,30,86
2005/05/11,TO,20,60,5,45,39
2005/05/14,TO,33,69,58,71,35
2005/05/18,TO,64,4,89,46,23
2005/05/21,TO,50,61,79,74,53
2005/05/25,TO,38,78,84,66,75
2005/05/28,TO,73,44,18,42,21
2005/06/01,TO,60,48,65,52,45
2005/06/04,TO,82,17,46,78,15
2005/06/08,TO,75,13,87,62,12
2005/06/11,TO,89,17,8,12,29
2005/06/15,TO,54,86,83,6,41
2005/06/18,TO,55,74,67,1,54
2005/06/21,TO,74,81,12,47,66
2005/06/23,TO,65,68,35,69,22
2005/06/25,TO,12,90,73,86,61
2005/06/28,TO,21,20,32,47,67
2005/06/30,TO,30,47,17,7,73
2005/07/02,TO,43,85,16,77,90
2005/07/05,TO,72,53,17,28,10
2005/07/07,TO,72,8,35,21,12
2005/07/09,TO,57,29,37,36,35
2005/07/12,TO,39,13,3,74,11
2005/07/14,TO,37,51,78,54,1
2005/07/16,TO,65,84,90,58,76
2005/07/19,TO,19,56,46,77,20
2005/07/21,TO,74,45,73,72,57
2005/07/23,TO,69,52,50,5,84
2005/07/26,TO,34,12,86,66,68
2005/07/28,TO,71,75,13,17,22
2005/07/30,TO,71,48,12,42,59
2005/08/02,TO,74,43,79,85,28
2005/08/04,TO,45,37,41,25,73
2005/08/06,TO,57,47,34,7,53
2005/08/09,TO,57,46,44,77,90
2005/08/11,TO,33,34,58,65,46
2005/08/13,TO,36,48,54,6,85
2005/08/16,TO,85,43,47,90,69
2005/08/18,TO,14,31,59,24,55
2005/08/20,TO,31,12,35,45,71
2005/08/23,TO,14,32,19,76,41
2005/08/25,TO,65,86,64,69,58
2005/08/27,TO,50,49,41,65,6
2005/08/30,TO,25,69,67,28,3
2005/09/01,TO,44,56,89,16,6
2005/09/03,TO,69,58,13,53,32
2005/09/06,TO,18,88,28,3,76
2005/09/08,TO,81,60,22,5,70
2005/09/10,TO,6,42,65,86,10
2005/09/13,TO,76,86,49,41,18
2005/09/15,TO,84,6,74,29,64
2005/09/17,TO,25,63,75,37,3
2005/09/20,TO,71,89,63,52,55
2005/09/22,TO,74,3,22,61,69
2005/09/24,TO,15,89,2,55,36
2005/09/27,TO,28,61,52,50,85
2005/09/29,TO,83,22,24,26,37
2005/10/01,TO,81,25,45,1,42
2005/10/04,TO,17,80,88,73,36
2005/10/06,TO,42,44,72,4,23
2005/10/08,TO,64,26,22,9,31
2005/10/11,TO,40,78,39,21,72
2005/10/13,TO,19,43,49,10,41
2005/10/15,TO,5,86,64,45,88
2005/10/18,TO,26,5,84,59,29
2005/10/20,TO,7,80,1,34,41
2005/10/22,TO,7,10,31,46,32
2005/10/25,TO,59,69,84,9,81
2005/10/27,TO,44,24,36,38,20
2005/10/29,TO,26,60,82,24,81
2005/11/02,TO,70,82,87,13,58
2005/11/03,TO,79,82,24,65,20
2005/11/05,TO,1,77,84,9,19
2005/11/08,TO,63,90,68,53,29
2005/11/10,TO,38,21,41,28,85
2005/11/12,TO,74,33,61,59,3
2005/11/15,TO,18,40,87,52,70
2005/11/17,TO,51,48,86,71,64
2005/11/19,TO,78,21,60,18,45
2005/11/22,TO,25,27,15,81,55
2005/11/24,TO,81,89,53,71,69
2005/11/26,TO,23,83,7,70,30
2005/11/29,TO,11,60,27,2,33
2005/12/01,TO,24,75,61,86,12
2005/12/03,TO,35,81,37,73,46
2005/12/06,TO,81,38,89,5,1
2005/12/09,TO,78,3,66,44,35
2005/12/10,TO,77,26,32,68,49
2005/12/13,TO,18,43,45,29,61
2005/12/15,TO,43,39,35,77,70
2005/12/17,TO,46,41,79,64,57
2005/12/20,TO,72,73,70,29,46
2005/12/22,TO,4,24,54,85,55
2005/12/24,TO,90,5,63,47,41
2005/12/27,TO,83,66,38,28,57
2005/12/29,TO,12,79,82,78,58
2005/12/31,TO,51,10,61,84,38
2006/01/03,TO,7,67,32,53,23
2006/01/05,TO,28,70,85,47,40
2006/01/07,TO,68,4,39,18,20
2006/01/10,TO,19,87,4,82,36
2006/01/12,TO,6,82,57,7,59
2006/01/14,TO,42,26,36,48,90
2006/01/17,TO,10,5,59,79,42
2006/01/19,TO,45,38,71,11,5
2006/01/21,TO,77,24,32,26,35
2006/01/24,TO,15,35,55,38,43
2006/01/26,TO,3,25,40,22,16
2006/01/28,TO,61,70,31,14,75
2006/01/31,TO,5,77,51,68,22
2006/02/02,TO,41,85,46,43,31
2006/02/04,TO,30,44,49,77,8
2006/02/07,TO,82,29,52,55,75
2006/02/09,TO,79,27,10,70,23
2006/02/11,TO,89,70,16,46,7
2006/02/14,TO,38,19,82,3,41
2006/02/16,TO,72,41,11,88,10
2006/02/18,TO,89,67,7,31,70
2006/02/21,TO,51,64,77,80,83
2006/02/23,TO,46,44,40,89,68
2006/02/25,TO,83,68,12,1,90
2006/02/28,TO,63,83,66,41,61
2006/03/02,TO,36,86,28,58,77
2006/03/04,TO,21,58,40,25,61
2006/03/07,TO,29,2,1,34,11
2006/03/09,TO,67,51,49,33,90
2006/03/11,TO,20,19,18,21,8
2006/03/14,TO,29,23,90,9,52
2006/03/16,TO,35,67,46,24,31
2006/03/18,TO,30,80,10,61,78
2006/03/21,TO,65,76,71,52,37
2006/03/23,TO,85,61,53,9,78
2006/03/25,TO,83,88,84,34,47
2006/03/28,TO,89,28,73,24,4
2006/03/30,TO,40,58,39,43,23
2006/04/01,TO,42,80,51,73,44
2006/04/04,TO,60,15,68,35,31
2006/04/06,TO,87,46,24,41,65
2006/04/08,TO,83,30,28,32,54
2006/04/11,TO,76,61,74,24,32
2006/04/13,TO,6,21,58,73,20
2006/04/15,TO,48,6,55,56,54
2006/04/18,TO,71,62,57,81,41
2006/04/20,TO,6,67,11,29,50
2006/04/22,TO,28,90,30,87,43
2006/04/26,TO,40,19,4,81,2
2006/04/27,TO,88,84,5,48,43
2006/04/29,TO,59,69,3,83,14
2006/05/02,TO,47,62,66,82,79
2006/05/04,TO,33,39,19,27,44
2006/05/06,TO,27,15,39,81,6
2006/05/09,TO,55,87,46,44,37
2006/05/11,TO,87,52,73,79,41
2006/05/13,TO,30,74,32,88,45
2006/05/16,TO,73,5,39,19,36
2006/05/18,TO,51,68,75,60,21
2006/05/20,TO,66,23,71,58,24
2006/05/23,TO,43,65,13,41,86
2006/05/25,TO,27,13,72,79,81
2006/05/27,TO,49,73,40,38,12
2006/05/30,TO,9,61,76,34,64
2006/06/01,TO,77,31,20,21,64
2006/06/03,TO,88,82,89,23,77
2006/06/06,TO,88,14,43,42,27
2006/06/08,TO,63,47,32,34,56
2006/06/10,TO,81,28,54,65,30
2006/06/13,TO,51,74,48,6,7
2006/06/15,TO,40,80,71,54,4
2006/06/17,TO,17,38,32,87,29
2006/06/20,TO,38,69,43,33,73
2006/06/22,TO,78,50,66,39,32
2006/06/24,TO,18,57,1,11,44
2006/06/27,TO,56,29,72,19,9
2006/06/29,TO,12,80,43,27,19
2006/07/01,TO,40,35,17,38,50
2006/07/04,TO,54,29,77,62,5
2006/07/06,TO,80,17,33,39,10
2006/07/08,TO,64,86,80,29,88
2006/07/11,TO,2,36,54,21,11
2006/07/13,TO,4,51,5,10,49
2006/07/15,TO,24,47,5,19,52
2006/07/18,TO,82,58,84,62,39
2006/07/20,TO,73,53,7,65,90
2006/07/22,TO,15,68,76,22,41
2006/07/25,TO,28,6,3,55,58
2006/07/27,TO,71,19,12,74,29
2006/07/29,TO,74,22,41,13,53
2006/08/01,TO,41,52,84,39,31
2006/08/03,TO,21,20,16,50,9
2006/08/05,TO,46,10,20,19,86
2006/08/08,TO,82,76,65,22,16
2006/08/10,TO,35,70,16,59,23
2006/08/12,TO,18,90,36,25,39
2006/08/16,TO,21,64,85,9,43
2006/08/17,TO,22,84,87,37,39
2006/08/19,TO,60,19,68,56,38
2006/08/22,TO,53,75,58,80,23
2006/08/24,TO,44,78,83,22,86
2006/08/26,TO,86,67,81,89,77
2006/08/29,TO,34,46,2,76,8
2006/08/31,TO,62,81,18,90,26
2006/09/02,TO,78,14,83,6,70
2006/09/05,TO,69,64,78,72,51
2006/09/07,TO,65,89,31,90,17
2006/09/09,TO,37,60,86,79,84
2006/09/12,TO,86,30,24,18,42
2006/09/14,TO,1,8,83,26,75
2006/09/16,TO,57,70,90,69,43
2006/09/19,TO,61,89,49,53,8
2006/09/21,TO,66,39,54,62,4
2006/09/23,TO,88,30,75,8,82
2006/09/26,TO,85,20,47,11,61
2006/09/28,TO,70,45,27,7,61
2006/09/30,TO,46,32,24,85,83
2006/10/03,TO,36,88,79,71,87
2006/10/05,TO,83,22,20,89,47
2006/10/07,TO,44,58,70,14,29
2006/10/10,TO,67,59,29,25,12
2006/10/12,TO,16,6,34,69,73
2006/10/14,TO,83,56,33,49,75
2006/10/17,TO,48,19,4,41,76
2006/10/19,TO,48,17,5,32,57
2006/10/21,TO,57,24,6,1,36
2006/10/24,TO,59,79,75,55,13
2006/10/26,TO,57,59,34,51,23
2006/10/28,TO,2,9,13,15,19
2006/10/31,TO,66,64,63,44,61
2006/11/02,TO,14,62,13,66,69
2006/11/04,TO,33,45,50,5,16
2006/11/07,TO,67,37,19,86,30
2006/11/09,TO,56,65,8,53,9
2006/11/11,TO,63,60,71,11,65
2006/11/14,TO,57,41,28,90,42
2006/11/16,TO,47,26,16,13,57
2006/11/18,TO,53,2,48,58,39
2006/11/21,TO,85,71,88,25,83
2006/11/23,TO,62,89,29,64,10
2006/11/25,TO,22,10,49,47,89
2006/11/28,TO,81,88,14,52,2
2006/11/30,TO,86,65,76,90,29
2006/12/02,TO,18,58,70,32,53
2006/12/05,TO,85,18,57,61,65
2006/12/07,TO,58,46,61,56,85
2006/12/09,TO,88,27,72,8,80
2006/12/12,TO,30,7,48,26,38
2006/12/14,TO,34,60,2,29,56
2006/12/16,TO,58,12,50,10,67
2006/12/19,TO,19,68,60,58,65
2006/12/21,TO,81,41,18,66,49
2006/12/23,TO,86,70,46,78,72
2006/12/27,TO,20,25,15,31,73
2006/12/28,TO,72,67,50,70,56
2006/12/30,TO,42,4,62,52,88
2007/01/02,TO,21,13,71,65,19
2007/01/04,TO,3,38,25,23,86
2007/01/08,TO,88,36,19,50,55
2007/01/09,TO,32,26,14,61,75
2007/01/11,TO,88,65,31,75,20
2007/01/13,TO,46,17,45,75,16
2007/01/16,TO,59,11,85,49,43
2007/01/18,TO,18,42,52,10,4
2007/01/20,TO,31,55,38,20,21
2007/01/23,TO,25,12,77,58,37
2007/01/25,TO,17,60,61,22,84
2007/01/27,TO,13,8,46,5,16
2007/01/30,TO,10,34,68,72,89
2007/02/01,TO,89,61,53,11,77
2007/02/03,TO,24,29,64,70,85
2007/02/06,TO,86,77,29,5,75
2007/02/08,TO,68,81,87,28,38
2007/02/10,TO,42,46,18,61,67
2007/02/13,TO,33,30,15,70,26
2007/02/15,TO,14,4,84,10,88
2007/02/17,TO,59,89,36,50,74
2007/02/20,TO,89,30,48,87,6
2007/02/22,TO,58,42,57,59,17
2007/02/24,TO,29,7,48,45,23
2007/02/27,TO,11,41,88,85,3
2007/03/01,TO,59,48,90,30,84
2007/03/03,TO,78,55,12,15,85
2007/03/06,TO,71,16,89,46,78
2007/03/08,TO,65,82,60,9,15
2007/03/10,TO,48,51,65,20,8
2007/03/13,TO,82,7,73,85,42
2007/03/15,TO,10,44,28,77,78
2007/03/17,TO,58,61,29,2,45
2007/03/20,TO,73,59,19,76,23
2007/03/22,TO,41,88,47,64,58
2007/03/24,TO,27,42,74,11,14
2007/03/27,TO,33,54,57,13,47
2007/03/29,TO,63,37,26,76,72
2007/03/31,TO,11,59,78,39,83
2007/04/03,TO,45,68,13,36,5
2007/04/05,TO,44,11,28,90,34
2007/04/07,TO,57,63,13,51,45
2007/04/10,TO,76,42,69,2,14
2007/04/12,TO,54,4,48,37,45
2007/04/14,TO,60,44,73,74,72
2007/04/17,TO,68,15,45,72,13
2007/04/19,TO,86,82,5,27,38
2007/04/21,TO,63,51,71,83,22
2007/04/24,TO,17,76,37,20,42
2007/04/26,TO,63,87,43,57,2
2007/04/28,TO,65,15,58,85,61
2007/05/02,TO,78,29,25,83,55
2007/05/03,TO,69,87,15,71,42
2007/05/05,TO,10,37,40,46,73
2007/05/08,TO,66,28,7,69,22
2007/05/10,TO,9,15,76,10,86
2007/05/12,TO,23,87,70,19,84
2007/05/15,TO,36,81,33,62,67
2007/05/17,TO,41,85,17,7,46
2007/05/19,TO,31,75,52,56,88
2007/05/22,TO,75,56,32,85,5
2007/05/24,TO,17,9,84,73,76
2007/05/26,TO,2,40,57,82,43
2007/05/29,TO,63,70,16,20,62
2007/05/31,TO,33,18,90,19,88
2007/06/04,TO,9,84,32,63,47
2007/06/05,TO,8,39,87,33,66
2007/06/07,TO,22,7,90,78,3
2007/06/09,TO,42,74,68,84,48
2007/06/12,TO,84,17,6,25,50
2007/06/14,TO,68,64,42,34,55
2007/06/16,TO,76,86,58,57,33
2007/06/19,TO,24,25,41,15,50
2007/06/21,TO,82,53,84,80,72
2007/06/23,TO,36,64,71,52,84
2007/06/26,TO,70,67,26,85,20
2007/06/28,TO,31,20,59,23,52
2007/06/30,TO,83,48,24,71,57
2007/07/03,TO,27,88,61,10,50
2007/07/05,TO,77,88,83,71,14
2007/07/07,TO,46,37,53,22,10
2007/07/10,TO,43,16,21,53,65
2007/07/12,TO,11,3,40,25,69
2007/07/14,TO,45,18,33,51,57
2007/07/17,TO,36,81,59,83,79
2007/07/19,TO,53,76,35,41,74
2007/07/21,TO,6,44,55,40,12
2007/07/24,TO,71,35,61,85,47
2007/07/26,TO,89,88,35,75,61
2007/07/28,TO,18,31,20,14,2
2007/07/31,TO,53,57,74,45,7
2007/08/02,TO,70,40,65,77,8
2007/08/04,TO,29,53,23,64,20
2007/08/07,TO,36,28,67,5,4
2007/08/09,TO,16,77,11,78,50
2007/08/11,TO,76,55,74,75,58
2007/08/14,TO,8,75,3,20,86
2007/08/16,TO,85,71,52,53,55
2007/08/18,TO,67,7,51,82,61
2007/08/21,TO,31,9,34,17,30
2007/08/23,TO,50,14,84,36,35
2007/08/25,TO,58,67,89,19,21
2007/08/28,TO,15,23,12,72,34
2007/08/30,TO,49,2,30,5,88
2007/09/01,TO,32,35,19,57,11
2007/09/04,TO,87,36,82,26,42
2007/09/06,TO,5,24,32,49,44
2007/09/08,TO,56,23,83,31,41
2007/09/11,TO,20,80,9,78,53
2007/09/13,TO,8,4,20,53,71
2007/09/15,TO,85,41,54,19,28
2007/09/18,TO,63,20,78,80,86
2007/09/20,TO,23,42,58,84,56
2007/09/22,TO,62,30,18,70,77
2007/09/25,TO,46,20,76,19,26
2007/09/27,TO,34,53,10,52,30
2007/09/29,TO,27,70,58,35,21
2007/10/02,TO,52,62,59,15,35
2007/10/04,TO,53,11,61,32,29
2007/10/06,TO,24,71,70,38,85
2007/10/09,TO,60,12,68,83,58
2007/10/11,TO,87,10,44,11,80
2007/10/13,TO,27,15,2,37,31
2007/10/16,TO,21,29,33,90,85
2007/10/18,TO,49,6,77,68,76
2007/10/20,TO,53,78,86,20,77
2007/10/23,TO,78,25,88,46,2
2007/10/25,TO,24,1,88,39,84
2007/10/27,TO,84,44,23,30,87
2007/10/30,TO,68,50,9,83,56
2007/11/02,TO,49,1,22,39,10
2007/11/03,TO,70,74,77,53,23
2007/11/06,TO,53,22,4,71,52
2007/11/08,TO,63,84,26,90,32
2007/11/10,TO,23,78,42,38,49
2007/11/13,TO,21,62,29,42,6
2007/11/15,TO,1,25,64,85,43
2007/11/17,TO,84,21,47,45,73
2007/11/20,TO,4,88,89,33,29
2007/11/22,TO,76,78,85,39,62
2007/11/24,TO,72,87,68,48,70
2007/11/27,TO,76,71,13,8,7
2007/11/29,TO,37,81,84,62,90
2007/12/01,TO,25,17,32,47,28
2007/12/04,TO,17,8,14,27,15
2007/12/06,TO,41,75,29,46,65
2007/12/10,TO,57,29,80,15,4
2007/12/11,TO,51,17,12,62,26
2007/12/13,TO,65,33,27,85,55
2007/12/15,TO,68,26,14,79,73
2007/12/18,TO,15,87,45,30,12
2007/12/20,TO,7,83,28,68,20
2007/12/22,TO,7,57,60,67,78
2007/12/24,TO,85,16,28,12,19
2007/12/27,TO,9,75,68,26,49
2007/12/29,TO,48,39,10,81,44
2008/01/02,TO,61,11,6,30,90
2008/01/03,TO,30,40,12,35,32
2008/01/05,TO,38,26,75,87,53
2008/01/08,TO,46,56,40,77,79
2008/01/10,TO,47,54,3,15,39
2008/01/12,TO,65,19,15,82,45
2008/01/15,TO,87,30,33,73,20
2008/01/17,TO,90,67,37,53,19
2008/01/19,TO,2,4,74,86,88
2008/01/22,TO,37,43,48,34,16
2008/01/24,TO,6,11,25,82,48
2008/01/26,TO,77,58,54,80,28
2008/01/29,TO,42,17,52,16,50
2008/01/31,TO,66,29,87,14,41
2008/02/02,TO,44,64,46,11,82
2008/02/05,TO,51,62,43,69,76
2008/02/07,TO,78,7,66,11,89
2008/02/09,TO,71,14,52,53,66
2008/02/12,TO,51,14,27,2,77
2008/02/14,TO,16,52,69,9,51
2008/02/16,TO,43,40,68,88,36
2008/02/19,TO,43,52,24,82,48
2008/02/21,TO,86,47,60,77,54
2008/02/23,TO,80,27,76,2,11
2008/02/26,TO,23,10,60,32,72
2008/02/28,TO,42,69,76,87,79
2008/03/01,TO,32,15,9,63,4
2008/03/04,TO,65,56,84,29,51
2008/03/06,TO,4,22,64,27,19
2008/03/08,TO,7,46,63,35,14
2008/03/11,TO,84,75,35,81,58
2008/03/13,TO,12,90,37,84,83
2008/03/15,TO,26,28,53,42,49
2008/03/18,TO,67,72,29,86,26
2008/03/20,TO,60,26,22,33,64
2008/03/22,TO,5,75,77,89,12
2008/03/25,TO,62,48,74,9,83
2008/03/27,TO,83,61,87,64,85
2008/03/29,TO,42,90,45,7,51
2008/04/01,TO,60,41,81,61,88
2008/04/03,TO,39,14,90,42,4
2008/04/05,TO,41,57,44,27,2
2008/04/08,TO,28,79,4,40,72
2008/04/10,TO,37,75,28,2,19
2008/04/12,TO,79,31,24,75,54
2008/04/15,TO,43,18,61,83,3
2008/04/17,TO,5,88,37,78,46
2008/04/19,TO,51,22,8,19,74
2008/04/22,TO,2,10,22,57,54
2008/04/24,TO,62,26,30,9,52
2008/04/26,TO,27,54,65,58,43
2008/04/29,TO,60,7,66,42,79
2008/05/02,TO,53,89,64,11,79
2008/05/03,TO,88,62,34,83,46
2008/05/06,TO,79,43,27,59,13
2008/05/08,TO,88,74,68,47,61
2008/05/10,TO,3,75,48,7,90
2008/05/13,TO,49,81,14,90,32
2008/05/15,TO,67,19,40,44,56
2008/05/17,TO,1,86,50,90,20
2008/05/20,TO,22,16,43,26,20
2008/05/22,TO,42,13,57,30,59
2008/05/24,TO,9,24,87,48,19
2008/05/27,TO,10,42,15,9,28
2008/05/29,TO,85,77,79,76,39
2008/05/31,TO,86,19,21,74,72
2008/06/03,TO,82,72,11,89,86
2008/06/05,TO,48,36,64,12,47
2008/06/07,TO,79,46,14,19,56
2008/06/10,TO,26,20,16,10,23
2008/06/12,TO,84,77,39,16,59
2008/06/14,TO,14,83,73,65,72
2008/06/17,TO,37,76,88,73,2
2008/06/19,TO,40,24,77,16,42
2008/06/21,TO,7,52,79,85,56
2008/06/24,TO,70,90,10,27,8
2008/06/26,TO,20,40,13,83,38
2008/06/28,TO,32,55,59,67,26
2008/07/01,TO,8,64,20,61,26
2008/07/03,TO,82,19,2,85,77
2008/07/05,TO,28,16,39,55,90
2008/07/08,TO,25,6,19,72,22
2008/07/10,TO,28,67,14,37,72
2008/07/12,TO,75,22,32,38,14
2008/07/15,TO,50,43,51,31,89
2008/07/17,TO,53,88,61,7,3
2008/07/19,TO,67,57,31,75,32
2008/07/22,TO,33,16,48,69,66
2008/07/24,TO,80,73,13,76,86
2008/07/26,TO,43,87,15,30,58
2008/07/29,TO,17,12,21,80,73
2008/07/31,TO,63,49,9,30,27
2008/08/02,TO,66,58,10,76,67
2008/08/05,TO,25,3,66,8,86
2008/08/07,TO,74,33,28,53,61
2008/08/09,TO,17,83,85,20,55
2008/08/12,TO,46,20,30,55,1
2008/08/14,TO,82,42,83,17,66
2008/08/16,TO,30,21,43,51,69
2008/08/19,TO,6,58,63,49,4
2008/08/21,TO,9,36,25,73,48
2008/08/23,TO,44,13,89,47,5
2008/08/26,TO,56,38,65,18,25
2008/08/28,TO,20,70,48,78,3
2008/08/30,TO,33,54,9,76,19
2008/09/02,TO,37,84,5,75,35
2008/09/04,TO,2,60,39,35,81
2008/09/06,TO,39,64,82,86,34
2008/09/09,TO,29,7,31,82,10
2008/09/11,TO,29,73,22,35,75
2008/09/13,TO,75,48,36,23,9
2008/09/16,TO,62,31,73,50,79
2008/09/18,TO,1,17,37,43,20
2008/09/20,TO,79,38,81,87,14
2008/09/23,TO,18,47,74,1,56
2008/09/25,TO,63,8,61,47,51
2008/09/27,TO,65,4,40,6,18
2008/09/30,TO,70,77,57,9,47
2008/10/02,TO,1,67,23,28,31
2008/10/04,TO,35,66,61,65,11
2008/10/07,TO,56,80,69,7,51
2008/10/09,TO,86,40,52,9,62
2008/10/11,TO,8,23,71,31,1
2008/10/14,TO,46,85,1,3,26
2008/10/16,TO,12,82,51,60,84
2008/10/18,TO,81,45,74,5,7
2008/10/21,TO,38,22,25,20,85
2008/10/23,TO,33,69,75,53,86
2008/10/25,TO,38,70,33,60,9
2008/10/28,TO,12,14,5,2,60
2008/10/30,TO,44,76,60,80,14
2008/11/03,TO,10,65,85,55,61
2008/11/04,TO,89,9,44,84,50
2008/11/06,TO,26,76,27,45,23
2008/11/08,TO,31,19,57,42,59
2008/11/11,TO,83,27,82,28,84
2008/11/13,TO,31,75,47,88,54
2008/11/15,TO,17,50,31,14,84
2008/11/18,TO,5,80,37,78,73
2008/11/20,TO,57,26,52,60,48
2008/11/22,TO,71,7,56,38,30
2008/11/25,TO,31,62,35,10,29
2008/11/27,TO,5,10,33,80,8
2008/11/29,TO,14,85,80,88,46
2008/12/02,TO,67,66,82,2,16
2008/12/04,TO,46,17,25,2,37
2008/12/06,TO,66,24,16,14,59
2008/12/09,TO,77,9,36,67,62
2008/12/11,TO,24,90,70,42,74
2008/12/13,TO,51,44,46,15,4
2008/12/16,TO,80,84,48,44,13
2008/12/18,TO,71,52,18,72,43
2008/12/20,TO,51,30,13,28,89
2008/12/23,TO,1,79,87,26,13
2008/12/24,TO,29,27,48,51,30
2008/12/27,TO,2,19,24,17,86
2008/12/30,TO,89,29,76,18,69
2009/01/02,TO,47,3,79,46,66
2009/01/03,TO,56,41,79,5,17
2009/01/07,TO,81,75,54,19,44
2009/01/08,TO,29,26,52,78,82
2009/01/10,TO,31,18,77,53,74
2009/01/13,TO,25,36,80,21,42
2009/01/15,TO,28,37,54,70,82
2009/01/17,TO,27,70,40,3,28
2009/01/20,TO,66,88,34,79,44
2009/01/22,TO,31,56,64,74,88
2009/01/24,TO,27,58,74,23,11
2009/01/27,TO,29,54,79,66,30
2009/01/29,TO,61,73,58,55,11
2009/01/31,TO,19,46,45,62,9
2009/02/03,TO,89,30,82,71,25
2009/02/05,TO,82,16,32,35,38
2009/02/07,TO,13,63,81,83,85
2009/02/10,TO,46,67,51,20,85
2009/02/12,TO,6,7,62,50,75
2009/02/14,TO,60,58,86,31,8
2009/02/17,TO,68,13,30,63,73
2009/02/19,TO,7,57,11,8,83
2009/02/21,TO,39,71,77,28,30
2009/02/24,TO,76,77,6,23,73
2009/02/26,TO,71,41,56,61,29
2009/02/28,TO,68,10,3,79,13
2009/03/03,TO,23,11,56,65,12
2009/03/05,TO,46,76,26,41,44
2009/03/07,TO,19,20,3,69,49
2009/03/10,TO,17,11,87,55,35
2009/03/12,TO,67,19,83,33,47
2009/03/14,TO,57,68,23,8,80
2009/03/17,TO,5,78,6,39,50
2009/03/19,TO,77,78,35,9,83
2009/03/21,TO,75,66,55,65,46
2009/03/24,TO,63,86,80,90,67
2009/03/26,TO,54,63,73,8,51
2009/03/28,TO,16,22,21,57,38
2009/03/31,TO,72,41,1,69,33
2009/04/02,TO,69,61,48,38,62
2009/04/04,TO,88,55,36,83,8
2009/04/07,TO,61,2,15,45,67
2009/04/09,TO,29,33,66,48,71
2009/04/11,TO,47,62,18,1,64
2009/04/14,TO,82,51,22,84,43
2009/04/16,TO,28,82,87,22,57
2009/04/18,TO,7,79,58,71,83
2009/04/21,TO,61,18,68,85,8
2009/04/23,TO,2,63,84,17,67
2009/04/27,TO,48,71,83,58,55
2009/04/28,TO,7,33,11,34,26
2009/04/30,TO,78,48,66,82,37
2009/05/02,TO,50,38,14,28,44
2009/05/05,TO,43,36,77,90,41
2009/05/07,TO,2,25,81,11,43
2009/05/09,TO,3,60,31,89,84
2009/05/12,TO,34,60,13,46,45
2009/05/14,TO,71,67,90,4,18
2009/05/16,TO,29,67,74,44,26
2009/05/19,TO,7,27,89,14,79
2009/05/21,TO,66,54,87,11,53
2009/05/23,TO,68,36,62,69,53
2009/05/26,TO,12,63,7,85,74
2009/05/28,TO,29,59,73,2,5
2009/05/30,TO,11,85,62,35,36
2009/06/03,TO,30,58,77,38,49
2009/06/04,TO,68,10,27,45,87
2009/06/06,TO,58,39,22,80,62
2009/06/09,TO,16,8,46,35,78
2009/06/11,TO,56,69,53,34,27
2009/06/13,TO,71,15,18,73,46
2009/06/16,TO,79,54,20,55,82
2009/06/18,TO,63,88,65,47,42
2009/06/20,TO,35,48,1,27,41
2009/06/23,TO,49,5,10,39,19
2009/06/25,TO,79,16,18,1,35
2009/06/27,TO,19,1,23,71,87
2009/06/30,TO,35,41,81,3,24
2009/07/02,TO,72,23,80,69,70
2009/07/04,TO,44,5,72,74,82
2009/07/07,TO,13,75,47,42,77
2009/07/09,TO,22,27,66,73,31
2009/07/11,TO,47,70,17,23,11
2009/07/14,TO,31,90,61,68,72
2009/07/16,TO,24,40,19,17,14
2009/07/18,TO,30,49,18,47,54
2009/07/21,TO,80,55,12,25,9
2009/07/23,TO,38,47,1,28,30
2009/07/25,TO,42,48,80,58,55
2009/07/28,TO,21,57,86,87,36
2009/07/30,TO,37,30,51,32,58
2009/08/01,TO,88,73,40,34,50
2009/08/04,TO,2,67,15,14,73
2009/08/06,TO,36,13,39,46,67
2009/08/08,TO,86,32,29,6,72
2009/08/11,TO,34,41,45,68,69
2009/08/13,TO,11,24,26,32,71
2009/08/17,TO,53,80,17,18,85
2009/08/18,TO,36,82,32,72,17
2009/08/20,TO,29,31,79,61,71
2009/08/22,TO,28,79,47,53,58
2009/08/25,TO,56,16,60,52,27
2009/08/27,TO,33,47,11,22,12
2009/08/29,TO,59,7,77,81,67
2009/09/01,TO,15,13,48,84,68
2009/09/03,TO,67,47,73,90,22
2009/09/05,TO,66,34,18,67,81
2009/09/08,TO,87,28,25,50,15
2009/09/10,TO,11,26,5,58,16
2009/09/12,TO,60,12,30,41,13
2009/09/15,TO,9,84,15,8,76
2009/09/17,TO,86,61,55,64,20
2009/09/19,TO,41,60,44,58,75
2009/09/22,TO,60,15,37,90,48
2009/09/24,TO,30,59,62,61,13
2009/09/26,TO,82,88,61,38,84
2009/09/29,TO,65,33,7,67,28
2009/10/01,TO,17,58,27,63,29
2009/10/03,TO,78,39,77,45,83
2009/10/06,TO,45,14,21,78,65
2009/10/08,TO,64,2,58,21,74
2009/10/10,TO,3,22,9,39,13
2009/10/13,TO,24,35,63,17,71
2009/10/15,TO,20,2,31,45,61
2009/10/17,TO,38,24,46,51,88
2009/10/20,TO,9,24,69,30,42
2009/10/22,TO,42,24,16,34,68
2009/10/24,TO,43,63,71,9,81
2009/10/27,TO,46,18,90,24,67
2009/10/29,TO,20,41,63,75,21
2009/10/31,TO,34,22,59,72,26
2009/11/03,TO,14,5,87,20,35
2009/11/05,TO,61,4,53,2,23
2009/11/07,TO,35,15,3,73,75
2009/11/10,TO,68,37,54,2,79
2009/11/12,TO,68,38,1,20,61
2009/11/14,TO,36,30,76,8,71
2009/11/17,TO,76,75,32,44,79
2009/11/19,TO,44,17,74,8,30
2009/11/21,TO,9,26,1,19,76
2009/11/24,TO,70,4,67,81,77
2009/11/26,TO,24,90,57,31,76
2009/11/28,TO,90,67,64,81,44
2009/12/01,TO,72,36,88,75,41
2009/12/03,TO,23,87,37,26,17
2009/12/05,TO,68,31,87,41,11
2009/12/09,TO,42,89,20,59,78
2009/12/10,TO,38,63,66,87,40
2009/12/12,TO,29,64,5,28,21
2009/12/15,TO,52,27,3,75,82
2009/12/17,TO,73,16,84,54,49
2009/12/19,TO,4,32,73,83,79
2009/12/22,TO,48,90,39,73,77
2009/12/24,TO,65,20,26,41,25
2009/12/28,TO,35,56,5,32,87
2009/12/29,TO,20,54,28,46,21
2009/12/31,TO,44,10,22,24,19
2010/01/02,TO,52,4,67,42,37
2010/01/05,TO,59,51,21,13,49
2010/01/07,TO,87,88,31,17,82
2010/01/09,TO,47,34,18,40,86
2010/01/12,TO,3,58,21,47,52
2010/01/14,TO,21,27,4,64,6
2010/01/16,TO,81,41,26,59,21
2010/01/19,TO,85,66,65,64,45
2010/01/21,TO,27,24,69,18,53
2010/01/23,TO,43,52,42,31,45
2010/01/26,TO,62,81,25,15,21
2010/01/28,TO,59,46,14,6,56
2010/01/30,TO,80,75,13,60,77
2010/02/02,TO,34,38,58,55,5
2010/02/04,TO,45,25,83,80,31
2010/02/06,TO,4,48,89,87,67
2010/02/09,TO,69,54,3,8,68
2010/02/11,TO,69,62,39,14,85
2010/02/13,TO,17,46,72,85,15
2010/02/16,TO,49,57,14,72,13
2010/02/18,TO,20,66,6,48,56
2010/02/20,TO,62,79,13,80,21
2010/02/23,TO,62,24,85,14,71
2010/02/25,TO,70,36,88,31,57
2010/02/27,TO,85,60,73,32,51
2010/03/02,TO,44,2,34,25,14
2010/03/04,TO,80,14,65,31,53
2010/03/06,TO,70,31,84,1,88
2010/03/09,TO,71,10,57,37,69
2010/03/11,TO,56,7,90,5,48
2010/03/13,TO,70,7,30,90,88
2010/03/16,TO,19,89,32,16,57
2010/03/18,TO,37,18,1,38,51
2010/03/20,TO,3,39,6,18,25
2010/03/23,TO,40,75,68,49,19
2010/03/25,TO,40,80,64,68,83
2010/03/27,TO,6,50,14,10,25
2010/03/30,TO,19,53,21,14,31
2010/04/01,TO,35,29,74,28,14
2010/04/03,TO,4,26,27,48,81
2010/04/06,TO,56,73,81,53,85
2010/04/08,TO,78,66,10,12,84
2010/04/10,TO,38,88,72,66,13
2010/04/13,TO,89,24,61,46,87
2010/04/15,TO,11,37,45,79,72
2010/04/17,TO,13,16,69,10,48
2010/04/20,TO,55,5,64,71,66
2010/04/22,TO,48,71,50,40,41
2010/04/24,TO,32,75,64,71,17
2010/04/27,TO,81,61,57,50,71
2010/04/29,TO,55,48,35,41,87
2010/05/03,TO,22,29,75,35,15
2010/05/04,TO,12,11,6,78,79
2010/05/06,TO,12,56,22,75,78
2010/05/08,TO,1,21,40,89,81
2010/05/11,TO,57,16,10,38,37
2010/05/13,TO,67,87,29,23,38
2010/05/15,TO,21,35,43,72,5
2010/05/18,TO,18,30,62,17,3
2010/05/20,TO,38,69,67,33,56
2010/05/22,TO,46,28,1,64,78
2010/05/25,TO,13,90,40,19,77
2010/05/27,TO,65,67,34,75,32
2010/05/29,TO,42,89,21,10,51
2010/06/01,TO,32,82,7,70,1
2010/06/03,TO,46,76,71,64,78
2010/06/05,TO,36,87,40,80,1
2010/06/08,TO,46,12,67,85,6
2010/06/10,TO,80,70,38,23,32
2010/06/12,TO,13,23,58,62,12
2010/06/15,TO,51,35,32,25,45
2010/06/17,TO,21,27,51,5,89
2010/06/19,TO,80,51,28,39,20
2010/06/22,TO,68,2,65,51,90
2010/06/24,TO,62,14,44,37,71
2010/06/26,TO,24,31,36,19,79
2010/06/29,TO,73,54,52,27,31
2010/07/01,TO,61,19,71,20,78
2010/07/03,TO,79,67,8,87,75
2010/07/06,TO,32,55,50,68,30
2010/07/08,TO,89,16,26,27,67
2010/07/10,TO,32,41,20,54,65
2010/07/13,TO,42,77,3,64,46
2010/07/15,TO,85,73,23,58,66
2010/07/17,TO,29,78,55,16,6
2010/07/20,TO,36,11,79,70,20
2010/07/22,TO,16,49,14,8,85
2010/07/24,TO,82,53,36,33,60
2010/07/27,TO,37,34,1,70,63
2010/07/29,TO,64,28,45,51,82
2010/07/31,TO,78,52,41,86,66
2010/08/03,TO,31,4,39,88,75
2010/08/05,TO,63,79,38,89,20
2010/08/07,TO,16,40,15,65,7
2010/08/10,TO,13,14,17,69,73
2010/08/12,TO,23,8,75,46,76
2010/08/14,TO,19,90,51,52,53
2010/08/17,TO,29,11,18,90,54
2010/08/19,TO,28,36,43,14,63
2010/08/21,TO,34,62,27,43,59
2010/08/24,TO,43,33,41,69,87
2010/08/26,TO,50,24,11,43,34
2010/08/28,TO,43,73,19,48,17
2010/08/31,TO,10,8,9,26,27
2010/09/02,TO,12,16,18,47,1
2010/09/04,TO,17,74,37,90,9
2010/09/07,TO,46,32,19,21,5
2010/09/09,TO,52,69,34,3,59
2010/09/11,TO,48,25,55,86,1
2010/09/14,TO,55,78,11,47,90
2010/09/16,TO,18,66,36,47,23
2010/09/18,TO,10,58,59,6,7
2010/09/21,TO,33,85,41,24,52
2010/09/23,TO,64,67,87,71,19
2010/09/25,TO,28,4,76,37,39
2010/09/28,TO,29,5,6,49,68
2010/09/30,TO,26,24,45,87,23
2010/10/02,TO,76,35,56,4,3
2010/10/05,TO,81,20,10,42,29
2010/10/07,TO,41,33,47,85,20
2010/10/09,TO,54,27,34,63,19
2010/10/12,TO,74,31,46,85,79
2010/10/14,TO,9,20,84,34,69
2010/10/16,TO,29,14,77,80,49
2010/10/19,TO,66,38,5,64,59
2010/10/21,TO,70,90,30,12,54
2010/10/23,TO,41,12,16,45,26
2010/10/26,TO,53,74,72,21,10
2010/10/28,TO,67,50,49,21,83
2010/10/30,TO,39,16,18,7,14
2010/11/02,TO,28,70,77,23,82
2010/11/04,TO,64,59,31,23,74
2010/11/06,TO,68,69,50,62,75
2010/11/09,TO,72,4,16,80,79
2010/11/11,TO,14,75,17,82,83
2010/11/13,TO,81,45,37,24,71
2010/11/16,TO,24,41,70,53,33
2010/11/18,TO,14,72,50,90,84
2010/11/20,TO,43,8,10,74,76
2010/11/23,TO,90,22,16,82,53
2010/11/25,TO,11,25,19,48,52
2010/11/27,TO,37,87,78,58,38
2010/11/30,TO,63,6,36,30,68
2010/12/02,TO,77,63,75,9,57
2010/12/04,TO,55,76,86,47,74
2010/12/07,TO,85,46,68,7,38
2010/12/09,TO,22,4,11,41,61
2010/12/11,TO,70,20,50,1,79
2010/12/14,TO,10,44,73,36,69
2010/12/16,TO,60,72,41,4,70
2010/12/18,TO,68,72,90,70,28
2010/12/21,TO,52,34,18,74,44
2010/12/23,TO,43,61,29,7,60
2010/12/23,TO,43,61,29,7,60
2010/12/27,TO,26,54,79,80,49
2010/12/28,TO,84,57,30,59,72
2010/12/30,TO,52,4,42,49,28
2011/01/03,TO,67,12,80,62,3
2011/01/04,TO,59,19,63,84,40
2011/01/07,TO,69,71,84,37,7
2011/01/08,TO,69,20,18,60,49
2011/01/11,TO,6,70,32,12,89
2011/01/13,TO,6,58,33,17,90
2011/01/15,TO,57,74,52,67,8
2011/01/18,TO,61,64,76,65,37
2011/01/20,TO,12,83,90,6,72
2011/01/22,TO,25,70,76,2,42
2011/01/25,TO,87,52,14,89,73
2011/01/27,TO,15,24,17,19,8
2011/01/29,TO,43,74,60,44,41
2011/02/01,TO,56,41,48,14,34
2011/02/03,TO,17,5,56,83,57
2011/02/05,TO,85,18,9,24,53
2011/02/08,TO,75,72,68,53,1
2011/02/10,TO,61,41,89,54,46
2011/02/12,TO,34,2,64,33,63
2011/02/15,TO,69,33,13,90,65
2011/02/17,TO,62,50,34,85,24
2011/02/19,TO,57,30,25,23,47
2011/02/22,TO,37,45,39,64,30
2011/02/24,TO,62,48,44,56,82
2011/02/26,TO,31,23,43,84,44
2011/03/01,TO,55,78,20,64,50
2011/03/03,TO,87,18,64,33,83
2011/03/05,TO,84,59,83,38,81
2011/03/08,TO,36,85,61,72,22
2011/03/10,TO,56,7,34,38,32
2011/03/12,TO,37,13,27,19,56
2011/03/15,TO,2,16,78,33,84
2011/03/18,TO,67,5,21,13,33
2011/03/19,TO,11,28,62,64,8
2011/03/22,TO,56,89,12,27,54
2011/03/24,TO,40,10,18,25,77
2011/03/26,TO,47,13,23,2,18
2011/03/29,TO,90,63,18,41,80
2011/03/31,TO,8,36,14,3,18
2011/04/02,TO,82,47,81,72,51
2011/04/05,TO,70,2,8,37,47
2011/04/07,TO,50,54,48,37,65
2011/04/09,TO,26,84,38,7,79
2011/04/12,TO,66,42,64,19,3
2011/04/14,TO,63,10,85,60,16
2011/04/16,TO,54,15,87,25,74
2011/04/19,TO,22,82,78,48,12
2011/04/21,TO,35,86,39,66,69
2011/04/23,TO,76,17,16,34,42
2011/04/26,TO,51,48,32,16,33
2011/04/28,TO,90,59,81,39,23
2011/04/30,TO,86,41,40,52,17
2011/05/03,TO,49,37,8,46,18
2011/05/05,TO,53,20,49,41,70
2011/05/07,TO,44,29,61,18,51
2011/05/10,TO,41,3,37,85,12
2011/05/12,TO,83,82,36,48,58
2011/05/14,TO,69,54,77,22,3
2011/05/17,TO,46,37,36,59,30
2011/05/19,TO,51,82,88,48,31
2011/05/21,TO,64,56,26,53,43
2011/05/24,TO,74,88,47,56,14
2011/05/26,TO,58,29,79,77,65
2011/05/28,TO,32,16,14,81,84
2011/05/31,TO,34,47,68,15,8
2011/06/03,TO,20,28,10,1,58
2011/06/04,TO,52,49,15,39,17
2011/06/07,TO,1,12,22,23,14
2011/06/09,TO,25,79,14,66,18
2011/06/11,TO,81,32,24,36,46
2011/06/14,TO,56,2,69,42,22
2011/06/16,TO,33,29,12,76,45
2011/06/18,TO,2,28,40,29,82
2011/06/21,TO,16,1,26,2,44
2011/06/23,TO,87,49,10,26,78
2011/06/25,TO,60,51,21,79,32
2011/06/28,TO,50,48,31,73,29
2011/06/30,TO,67,7,43,33,88
2011/07/02,TO,74,58,42,90,50
2011/07/05,TO,9,89,53,45,75
2011/07/07,TO,41,31,61,26,3
2011/07/09,TO,34,13,4,26,16
2011/07/12,TO,35,11,52,44,32
2011/07/14,TO,63,60,84,77,47
2011/07/16,TO,36,44,24,33,12
2011/07/19,TO,68,77,52,25,10
2011/07/21,TO,29,79,7,9,67
2011/07/23,TO,16,17,47,36,78
2011/07/26,TO,76,16,23,37,27
2011/07/28,TO,45,1,74,85,53
2011/07/30,TO,50,6,86,46,39
2011/08/02,TO,14,65,54,42,50
2011/08/04,TO,90,41,50,1,28
2011/08/06,TO,69,17,6,21,52
2011/08/09,TO,55,60,33,82,84
2011/08/11,TO,70,73,52,37,45
2011/08/13,TO,1,5,63,52,32
2011/08/16,TO,32,33,69,8,39
2011/08/18,TO,26,27,19,66,63
2011/08/20,TO,74,1,83,38,63
2011/08/23,TO,35,60,79,80,72
2011/08/25,TO,81,44,65,23,61
2011/08/27,TO,19,21,33,25,87
2011/08/30,TO,77,43,27,16,72
2011/09/01,TO,90,13,53,70,14
2011/09/03,TO,45,23,11,88,50
2011/09/06,TO,39,66,74,76,87
2011/09/08,TO,78,6,80,1,14
2011/09/10,TO,36,5,9,75,49
2011/09/13,TO,48,53,79,57,42
2011/09/15,TO,30,85,63,6,70
2011/09/17,TO,76,60,83,22,5
2011/09/20,TO,34,52,88,17,68
2011/09/22,TO,29,11,44,10,32
2011/09/24,TO,21,41,84,2,34
2011/09/27,TO,70,54,60,8,18
2011/09/29,TO,15,69,49,20,65
2011/10/01,TO,4,84,65,55,78
2011/10/04,TO,11,6,27,65,72
2011/10/06,TO,47,83,22,68,15
2011/10/08,TO,24,30,77,7,62
2011/10/11,TO,78,23,60,42,16
2011/10/13,TO,84,82,72,56,28
2011/10/15,TO,21,62,75,43,15
2011/10/18,TO,52,28,42,50,79
2011/10/20,TO,20,74,82,70,81
2011/10/22,TO,77,46,82,66,76
2011/10/25,TO,79,71,4,30,61
2011/10/27,TO,83,87,40,63,52
2011/10/29,TO,32,78,69,41,90
2011/11/02,TO,48,86,14,24,81
2011/11/03,TO,35,84,66,2,60
2011/11/05,TO,2,30,33,80,85
2011/11/08,TO,88,62,78,12,13
2011/11/10,TO,21,62,78,1,24
2011/11/12,TO,38,21,62,15,70
2011/11/15,TO,30,39,3,14,56
2011/11/17,TO,86,43,70,10,7
2011/11/19,TO,15,9,59,31,40
2011/11/22,TO,43,49,60,46,76
2011/11/24,TO,68,20,66,39,89
2011/11/26,TO,38,60,82,51,5
2011/11/29,TO,86,6,31,4,59
2011/12/01,TO,30,53,47,44,3
2011/12/03,TO,19,42,70,83,32
2011/12/06,TO,89,20,4,22,74
2011/12/09,TO,84,3,32,41,58
2011/12/10,TO,20,70,83,36,75
2011/12/13,TO,20,61,25,71,3
2011/12/15,TO,1,12,88,72,5
2011/12/17,TO,49,26,70,78,35
2011/12/20,TO,18,7,29,65,55
2011/12/22,TO,14,30,37,60,24
2011/12/24,TO,47,48,45,8,82
2011/12/27,TO,4,76,26,82,24
2011/12/29,TO,32,6,20,48,51
2011/12/31,TO,1,35,58,18,44
2012/01/03,TO,23,8,50,44,32
2012/01/05,TO,37,19,82,86,58
2012/01/07,TO,27,68,28,42,34
2012/01/10,TO,21,59,25,22,15
2012/01/12,TO,10,61,52,85,51
2012/01/14,TO,74,11,12,34,90
2012/01/17,TO,53,36,76,82,22
2012/01/19,TO,76,60,44,37,56
2012/01/21,TO,9,50,47,53,35
2012/01/24,TO,7,69,60,67,46
2012/01/26,TO,61,51,85,53,24
2012/01/28,TO,3,65,45,49,78
2012/01/31,TO,54,56,1,12,18
2012/02/02,TO,22,15,26,71,53
2012/02/04,TO,62,63,42,59,73
2012/02/07,TO,59,4,12,1,45
2012/02/09,TO,29,73,60,50,66
2012/02/11,TO,52,30,35,64,22
2012/02/14,TO,57,38,56,74,77
2012/02/16,TO,38,7,69,3,50
2012/02/18,TO,11,7,2,62,78
2012/02/21,TO,74,8,51,43,16
2012/02/23,TO,18,16,73,65,60
2012/02/25,TO,38,80,61,39,58
2012/02/28,TO,74,58,48,56,37
2012/03/01,TO,54,88,64,50,58
2012/03/03,TO,41,18,40,54,75
2012/03/06,TO,62,83,12,48,74
2012/03/08,TO,55,42,19,76,20
2012/03/10,TO,26,28,19,70,4
2012/03/13,TO,18,84,56,6,64
2012/03/15,TO,58,78,46,3,88
2012/03/17,TO,65,39,79,62,59
2012/03/20,TO,80,63,34,9,18
2012/03/22,TO,37,73,41,86,90
2012/03/24,TO,69,6,90,72,60
2012/03/27,TO,89,70,55,47,54
2012/03/29,TO,8,20,87,14,72
2012/03/31,TO,14,13,31,2,28
2012/04/03,TO,27,22,79,84,61
2012/04/05,TO,8,28,90,23,27
2012/04/07,TO,30,8,85,26,24
2012/04/10,TO,52,75,33,14,11
2012/04/12,TO,70,29,28,75,60
2012/04/14,TO,29,10,30,69,37
2012/04/17,TO,57,80,53,63,55
2012/04/19,TO,66,31,63,59,82
2012/04/21,TO,56,55,27,60,44
2012/04/24,TO,43,83,35,42,9
2012/04/26,TO,22,68,46,89,19
2012/04/28,TO,26,62,14,68,29
2012/05/02,TO,17,63,13,89,27
2012/05/03,TO,42,64,72,43,71
2012/05/05,TO,1,83,89,52,64
2012/05/08,TO,58,12,27,82,75
2012/05/10,TO,57,84,12,29,5
2012/05/12,TO,25,38,45,21,9
2012/05/15,TO,37,36,41,61,19
2012/05/17,TO,53,54,24,1,5
2012/05/19,TO,27,29,45,89,84
2012/05/22,TO,36,76,65,78,21
2012/05/24,TO,15,27,16,14,37
2012/05/26,TO,71,1,36,23,69
2012/05/29,TO,65,34,47,13,67
2012/05/31,TO,87,11,1,32,76
2012/06/04,TO,65,3,85,61,69
2012/06/05,TO,72,59,9,61,5
2012/06/07,TO,23,30,56,73,8
2012/06/09,TO,37,42,19,56,10
2012/06/12,TO,45,13,22,23,48
2012/06/14,TO,24,3,42,80,69
2012/06/16,TO,42,58,37,57,44
2012/06/19,TO,23,90,64,17,60
2012/06/21,TO,86,77,70,36,63
2012/06/23,TO,77,46,74,49,68
2012/06/26,TO,81,18,28,56,27
2012/06/28,TO,37,8,41,83,64
2012/06/30,TO,64,71,36,9,48
2012/07/03,TO,79,49,30,10,31
2012/07/05,TO,62,66,78,20,28
2012/07/07,TO,30,7,33,22,6
2012/07/10,TO,42,28,44,31,32
2012/07/12,TO,68,17,35,18,67
2012/07/14,TO,72,77,89,21,2
2012/07/17,TO,41,30,22,46,11
2012/07/19,TO,41,15,66,19,90
2012/07/21,TO,5,73,61,1,19
2012/07/24,TO,25,68,81,21,49
2012/07/26,TO,36,38,90,56,35
2012/07/28,TO,77,5,38,55,54
2012/07/31,TO,62,40,68,75,8
2012/08/02,TO,16,2,63,84,17
2012/08/04,TO,22,85,81,43,35
2012/08/07,TO,30,51,15,48,19
2012/08/09,TO,24,32,4,54,40
2012/08/11,TO,73,44,8,75,4
2012/08/14,TO,82,48,51,78,80
2012/08/16,TO,41,82,26,30,57
2012/08/18,TO,54,88,38,39,90
2012/08/21,TO,2,68,87,33,83
2012/08/23,TO,23,39,60,25,83
2012/08/25,TO,53,50,18,31,30
2012/08/28,TO,55,87,36,81,16
2012/08/30,TO,39,54,41,60,31
2012/09/01,TO,25,5,16,27,55
2012/09/04,TO,29,73,52,6,31
2012/09/06,TO,71,41,75,17,90
2012/09/08,TO,69,10,77,21,62
2012/09/11,TO,51,44,66,38,76
2012/09/13,TO,5,43,22,39,79
2012/09/15,TO,57,80,83,68,71
2012/09/18,TO,81,75,82,14,61
2012/09/20,TO,76,29,78,4,66
2012/09/22,TO,44,15,54,75,81
2012/09/25,TO,78,29,31,56,8
2012/09/27,TO,29,48,35,58,26
2012/09/29,TO,65,53,68,4,10
2012/10/02,TO,42,66,78,1,90
2012/10/04,TO,11,4,10,19,57
2012/10/06,TO,31,77,32,61,46
2012/10/09,TO,47,17,15,71,14
2012/10/11,TO,73,44,23,77,35
2012/10/13,TO,60,24,38,11,49
2012/10/16,TO,81,4,71,23,37
2012/10/18,TO,13,70,29,52,20
2012/10/20,TO,11,60,58,26,1
2012/10/23,TO,74,6,2,83,27
2012/10/25,TO,50,42,8,11,87
2012/10/27,TO,21,74,75,20,10
2012/10/30,TO,87,5,45,67,72
2012/11/02,TO,39,82,16,2,45
2012/11/03,TO,59,89,11,64,63
2012/11/06,TO,18,57,13,35,56
2012/11/08,TO,73,45,87,53,20
2012/11/10,TO,88,43,54,20,50
2012/11/13,TO,51,17,36,28,13
2012/11/15,TO,76,81,21,69,48
2012/11/17,TO,28,44,61,14,16
2012/11/20,TO,15,3,31,25,51
2012/11/22,TO,40,1,13,75,25
2012/11/24,TO,43,85,47,88,44
2012/11/27,TO,52,90,73,46,89
2012/11/29,TO,87,90,16,46,51
2012/12/01,TO,79,35,73,23,51
2012/12/04,TO,5,18,8,44,77
2012/12/06,TO,42,57,70,33,9
2012/12/10,TO,39,29,58,13,16
2012/12/11,TO,18,9,48,84,70
2012/12/13,TO,89,81,34,71,4
2012/12/15,TO,70,50,7,78,72
2012/12/18,TO,54,41,28,1,81
2012/12/20,TO,83,52,35,75,60
2012/12/22,TO,18,27,57,7,23
2012/12/24,TO,49,90,62,22,37
2012/12/27,TO,19,37,59,54,2
2012/12/29,TO,48,65,43,69,30
2013/01/02,TO,27,2,24,48,51
2013/01/03,TO,31,21,37,22,52
2013/01/05,TO,32,47,5,57,4
2013/01/08,TO,84,72,28,40,60
2013/01/10,TO,59,35,57,41,64
2013/01/12,TO,10,73,21,50,23
2013/01/15,TO,57,67,13,15,73
2013/01/17,TO,39,37,77,22,48
2013/01/19,TO,65,16,71,26,62
2013/01/22,TO,83,21,2,50,15
2013/01/24,TO,63,89,24,54,43
2013/01/26,TO,37,67,34,71,48
2013/01/29,TO,45,40,34,72,85
2013/01/31,TO,62,90,46,37,64
2013/02/02,TO,61,44,47,37,6
2013/02/05,TO,31,90,66,80,76
2013/02/07,TO,21,9,7,26,6
2013/02/09,TO,11,38,44,7,73
2013/02/12,TO,32,54,30,18,12
2013/02/14,TO,85,42,41,35,2
2013/02/16,TO,21,86,54,19,39
2013/02/19,TO,27,6,20,38,45
2013/02/21,TO,48,14,49,34,75
2013/02/23,TO,76,43,46,6,73
2013/02/26,TO,33,13,6,63,78
2013/02/28,TO,88,20,33,82,34
2013/03/02,TO,9,2,28,69,64
2013/03/05,TO,64,46,24,14,63
2013/03/07,TO,13,26,11,25,71
2013/03/09,TO,72,66,85,14,2
2013/03/12,TO,35,48,51,25,42
2013/03/14,TO,46,28,29,56,65
2013/03/16,TO,70,32,23,1,67
2013/03/19,TO,41,71,36,56,87
2013/03/21,TO,83,30,37,24,4
2013/03/23,TO,63,6,72,20,51
2013/03/26,TO,39,49,65,37,8
2013/03/28,TO,79,56,54,28,18
2013/03/30,TO,55,43,88,59,79
2013/04/02,TO,45,10,74,9,88
2013/04/04,TO,33,69,3,27,84
2013/04/06,TO,17,25,11,43,88
2013/04/09,TO,47,83,72,13,26
2013/04/11,TO,89,63,23,59,8
2013/04/13,TO,9,84,79,40,51
2013/04/16,TO,54,77,7,72,38
2013/04/18,TO,14,57,42,27,63
2013/04/20,TO,80,85,4,87,68
2013/04/23,TO,11,20,85,4,37
2013/04/26,TO,41,55,52,68,85
2013/04/27,TO,84,6,48,5,1
2013/04/30,TO,36,87,49,86,45
2013/05/02,TO,58,79,17,65,54
2013/05/04,TO,25,76,59,79,1
2013/05/07,TO,33,18,71,56,54
2013/05/09,TO,57,74,6,66,9
2013/05/11,TO,3,63,69,10,57
2013/05/14,TO,34,9,70,71,81
2013/05/16,TO,46,70,67,76,44
2013/05/18,TO,85,76,84,17,42
2013/05/21,TO,28,69,39,11,86
2013/05/23,TO,20,5,84,52,39
2013/05/25,TO,10,82,79,25,72
2013/05/28,TO,19,90,61,8,67
2013/05/30,TO,33,56,72,69,54
2013/06/01,TO,12,45,44,22,82
2013/06/04,TO,14,19,5,77,46
2013/06/06,TO,56,63,88,53,68
2013/06/08,TO,9,63,28,74,79
2013/06/11,TO,48,5,76,3,74
2013/06/13,TO,69,17,84,68,31
2013/06/15,TO,43,78,17,40,31
2013/06/18,TO,1,4,89,7,10
2013/06/20,TO,32,65,74,80,43
2013/06/22,TO,29,9,49,39,2
2013/06/25,TO,61,50,40,11,81
2013/06/27,TO,68,27,86,47,85
2013/06/29,TO,47,34,26,81,3
2013/07/02,TO,57,41,22,59,84
2013/07/04,TO,51,5,48,25,84
2013/07/06,TO,84,31,33,45,27
2013/07/09,TO,26,78,23,59,49
2013/07/11,TO,73,16,26,48,42
2013/07/13,TO,11,51,3,18,20
2013/07/16,TO,13,20,58,36,90
2013/07/18,TO,79,26,25,31,42
2013/07/20,TO,76,22,47,40,52
2013/07/23,TO,52,16,38,34,87
2013/07/25,TO,18,43,87,84,75
2013/07/27,TO,21,17,72,42,47
2013/07/30,TO,25,60,34,30,61
2013/08/01,TO,71,40,13,55,3
2013/08/03,TO,4,51,26,14,76
2013/08/06,TO,41,88,89,73,56
2013/08/08,TO,4,42,9,61,73
2013/08/10,TO,68,87,7,51,32
2013/08/13,TO,82,28,9,6,8
2013/08/16,TO,55,83,59,46,50
2013/08/17,TO,27,58,36,82,81
2013/08/20,TO,38,23,65,40,41
2013/08/22,TO,27,52,51,31,10
2013/08/24,TO,76,14,50,89,73
2013/08/27,TO,49,38,12,63,86
2013/08/29,TO,59,55,3,66,5
2013/08/31,TO,44,35,27,37,33
2013/09/03,TO,4,38,15,66,6
2013/09/05,TO,36,38,73,72,81
2013/09/07,TO,58,34,71,48,73
2013/09/10,TO,56,48,89,9,88
2013/09/12,TO,57,20,48,25,59
2013/09/14,TO,73,40,49,36,55
2013/09/17,TO,24,62,80,52,20
2013/09/19,TO,12,37,38,11,90
2013/09/21,TO,46,51,45,6,81
2013/09/24,TO,10,77,84,34,62
2013/09/26,TO,66,38,33,42,8
2013/09/28,TO,34,67,38,53,75
2013/10/01,TO,29,44,46,67,11
2013/10/03,TO,42,4,14,16,81
2013/10/05,TO,10,45,48,34,50
2013/10/08,TO,22,54,79,41,90
2013/10/10,TO,44,78,8,34,46
2013/10/12,TO,6,71,67,55,60
2013/10/15,TO,81,17,16,11,2
2013/10/17,TO,26,44,9,51,50
2013/10/19,TO,12,2,77,6,33
2013/10/22,TO,66,52,2,11,67
2013/10/24,TO,73,38,30,77,71
2013/10/26,TO,72,15,83,90,76
2013/10/29,TO,85,67,33,88,76
2013/10/31,TO,39,89,31,75,48
2013/11/02,TO,9,15,5,11,71
2013/11/05,TO,42,82,65,21,49
2013/11/07,TO,33,3,49,41,20
2013/11/09,TO,77,45,42,54,19
2013/11/12,TO,63,47,58,5,50
2013/11/14,TO,71,81,18,86,90
2013/11/16,TO,33,30,88,64,68
2013/11/19,TO,29,85,39,53,45
2013/11/21,TO,90,69,16,15,23
2013/11/23,TO,58,51,27,40,4
2013/11/26,TO,38,70,43,27,42
2013/11/28,TO,86,50,79,65,41
2013/11/30,TO,14,25,40,43,62
2013/12/03,TO,26,48,71,51,47
2013/12/05,TO,81,66,50,31,87
2013/12/07,TO,13,76,9,41,6
2013/12/10,TO,4,51,10,11,68
2013/12/12,TO,25,46,4,61,51
2013/12/14,TO,16,81,45,19,25
2013/12/17,TO,12,27,84,60,89
2013/12/19,TO,65,29,61,56,83
2013/12/21,TO,15,59,24,62,63
2013/12/24,TO,5,23,58,47,31
2013/12/27,TO,8,1,17,12,39
2013/12/28,TO,25,36,15,40,76
2013/12/31,TO,17,69,54,5,47
2014/01/02,TO,46,33,60,87,26
2014/01/04,TO,49,90,39,26,3
2014/01/07,TO,72,76,83,31,36
2014/01/09,TO,69,71,86,77,57
2014/01/11,TO,38,55,62,13,86
2014/01/14,TO,54,44,72,12,17
2014/01/16,TO,82,79,31,72,64
2014/01/18,TO,74,27,54,53,89
2014/01/21,TO,16,41,40,2,51
2014/01/23,TO,25,60,82,23,72
2014/01/25,TO,24,22,67,75,61
2014/01/28,TO,41,36,85,20,68
2014/01/30,TO,42,12,58,53,33
2014/02/01,TO,67,8,32,11,41
2014/02/04,TO,33,82,56,54,84
2014/02/06,TO,18,24,21,38,8
2014/02/08,TO,51,25,9,60,29
2014/02/11,TO,75,45,41,79,18
2014/02/13,TO,88,53,6,2,77
2014/02/15,TO,55,74,70,84,29
2014/02/18,TO,40,9,72,51,62
2014/02/20,TO,89,43,84,42,73
2014/02/22,TO,70,59,41,69,50
2014/02/25,TO,58,26,67,63,39
2014/02/27,TO,60,45,81,61,65
2014/03/01,TO,54,63,29,2,43
2014/03/04,TO,15,39,45,10,72
2014/03/06,TO,43,78,30,83,17
2014/03/08,TO,21,63,49,44,16
2014/03/11,TO,89,71,31,90,26
2014/03/13,TO,12,55,24,57,10
2014/03/15,TO,11,14,90,49,60
2014/03/18,TO,71,11,46,49,12
2014/03/20,TO,42,19,60,68,25
2014/03/22,TO,72,71,80,49,10
2014/03/25,TO,88,32,3,73,2
2014/03/27,TO,7,87,61,48,81
2014/03/29,TO,87,45,76,28,38
2014/04/01,TO,50,56,48,81,46
2014/04/03,TO,12,61,43,88,85
2014/04/05,TO,19,9,42,31,82
2014/04/08,TO,73,32,2,69,39
2014/04/10,TO,81,36,21,8,60
2014/04/12,TO,34,90,21,78,1
2014/04/15,TO,86,16,68,72,69
2014/04/17,TO,47,64,65,67,12
2014/04/19,TO,49,10,73,57,24
2014/04/22,TO,37,89,83,56,61
2014/04/24,TO,21,38,5,35,33
2014/04/26,TO,30,35,10,38,60
2014/04/29,TO,77,60,68,79,58
2014/05/02,TO,44,73,62,34,25
2014/05/03,TO,86,39,52,32,38
2014/05/06,TO,2,14,51,66,3
2014/05/08,TO,28,36,84,11,25
2014/05/10,TO,39,80,4,9,7
2014/05/13,TO,12,43,82,45,8
2014/05/15,TO,1,33,60,69,2
2014/05/17,TO,48,37,63,7,24
2014/05/20,TO,19,8,24,46,15
2014/05/22,TO,49,58,75,80,65
2014/05/24,TO,40,59,38,4,55
2014/05/27,TO,84,30,11,41,77
2014/05/29,TO,50,75,74,63,43
2014/05/31,TO,17,5,81,37,63
2014/06/03,TO,10,39,87,40,2
2014/06/05,TO,73,19,42,34,15
2014/06/07,TO,56,63,73,59,62
2014/06/10,TO,64,43,52,44,74
2014/06/12,TO,61,74,57,83,70
2014/06/14,TO,64,79,23,53,4
2014/06/17,TO,60,71,5,37,70
2014/06/19,TO,4,12,23,38,14
2014/06/21,TO,29,90,62,56,68
2014/06/24,TO,88,76,33,67,21
2014/06/26,TO,7,25,90,10,85
2014/06/28,TO,68,69,49,25,53
2014/07/01,TO,66,75,14,56,13
2014/07/03,TO,23,24,45,76,74
2014/07/05,TO,51,9,37,30,67
2014/07/08,TO,79,39,43,4,69
2014/07/10,TO,82,38,31,86,21
2014/07/12,TO,46,64,9,27,55
2014/07/15,TO,26,30,85,60,41
2014/07/17,TO,82,45,69,52,11
2014/07/19,TO,7,73,51,54,45
2014/07/22,TO,49,36,80,6,90
2014/07/24,TO,14,75,37,87,59
2014/07/26,TO,17,6,20,29,21
2014/07/29,TO,53,24,10,71,39
2014/07/31,TO,11,19,59,76,34
2014/08/02,TO,3,10,24,71,89
2014/08/05,TO,7,20,80,33,11
2014/08/07,TO,59,86,60,76,64
2014/08/09,TO,62,76,61,16,9
2014/08/12,TO,89,28,84,64,82
2014/08/14,TO,67,30,28,32,65
2014/08/16,TO,85,64,87,62,89
2014/08/19,TO,53,35,50,10,56
2014/08/21,TO,19,57,31,32,90
2014/08/23,TO,10,23,26,13,5
2014/08/26,TO,77,22,43,34,42
2014/08/28,TO,34,16,9,67,4
2014/08/30,TO,8,65,33,70,1
2014/09/02,TO,80,83,51,38,76
2014/09/04,TO,89,22,76,33,4
2014/09/06,TO,26,35,86,17,79
2014/09/09,TO,21,50,11,60,87
2014/09/11,TO,6,17,30,60,25
2014/09/13,TO,50,37,36,35,22
2014/09/16,TO,60,85,83,62,55
2014/09/18,TO,26,52,49,37,19
2014/09/20,TO,68,54,26,67,48
2014/09/23,TO,4,8,16,78,85
2014/09/25,TO,64,61,84,32,3
2014/09/27,TO,86,76,29,64,90
2014/09/30,TO,1,47,59,9,13
2014/10/02,TO,1,47,52,65,33
2014/10/04,TO,86,29,82,47,48
2014/10/07,TO,85,8,59,2,69
2014/10/09,TO,29,19,72,18,24
2014/10/11,TO,34,4,11,80,40
2014/10/14,TO,43,18,53,58,26
2014/10/16,TO,78,40,53,25,56
2014/10/18,TO,43,86,7,65,23
2014/10/21,TO,87,89,6,69,51
2014/10/23,TO,17,51,27,86,63
2014/10/25,TO,43,90,55,9,72
2014/10/28,TO,65,80,43,26,62
2014/10/30,TO,73,45,58,47,87
2014/11/03,TO,83,41,50,14,69
2014/11/04,TO,81,46,39,47,20
2014/11/06,TO,6,46,58,22,65
2014/11/08,TO,87,27,2,54,57
2014/11/11,TO,49,3,10,52,16
2014/11/13,TO,49,69,86,35,60
2014/11/15,TO,42,73,58,76,36
2014/11/18,TO,21,75,8,31,2
2014/11/20,TO,33,8,12,56,55
2014/11/22,TO,73,57,31,54,18
2014/11/25,TO,90,79,27,13,64
2014/11/27,TO,56,36,90,7,6
2014/11/29,TO,77,61,42,70,53
2014/12/02,TO,26,85,5,35,89
2014/12/04,TO,69,23,11,79,38
2014/12/06,TO,5,76,75,24,26
2014/12/09,TO,9,86,5,88,1
2014/12/11,TO,79,38,55,27,88
2014/12/13,TO,13,79,71,38,90
2014/12/16,TO,38,90,72,9,58
2014/12/18,TO,6,29,67,28,54
2014/12/20,TO,58,4,1,20,32
2014/12/23,TO,48,37,89,41,10
2014/12/24,TO,44,41,88,58,60
2014/12/27,TO,7,30,29,62,88
2014/12/30,TO,49,59,33,81,62
2015/01/02,TO,81,66,22,79,51
2015/01/03,TO,45,80,3,75,36
2015/01/07,TO,54,68,36,22,13
2015/01/08,TO,16,18,17,86,78
2015/01/10,TO,46,22,37,49,31
2015/01/13,TO,44,13,63,80,59
2015/01/15,TO,48,56,19,43,36
2015/01/17,TO,51,17,86,63,36
2015/01/20,TO,87,26,85,88,29
2015/01/22,TO,32,70,64,74,20
2015/01/24,TO,77,36,19,45,62
2015/01/27,TO,28,11,85,21,50
2015/01/29,TO,72,64,34,33,81
2015/01/31,TO,20,71,84,82,59
2015/02/03,TO,47,17,37,89,22
2015/02/05,TO,78,41,4,51,69
2015/02/07,TO,10,78,8,43,70
2015/02/10,TO,48,3,13,26,51
2015/02/12,TO,46,71,38,81,7
2015/02/14,TO,80,7,22,37,4
2015/02/17,TO,24,55,22,50,63
2015/02/19,TO,34,39,79,68,80
2015/02/21,TO,32,30,54,58,79
2015/02/24,TO,5,16,28,45,30
2015/02/26,TO,18,68,51,8,55
2015/02/28,TO,44,30,75,82,16
2015/03/03,TO,90,1,50,46,80
2015/03/05,TO,17,34,69,56,15
2015/03/07,TO,30,71,2,12,23
2015/03/10,TO,79,50,19,32,73
2015/03/12,TO,5,34,3,54,72
2015/03/14,TO,87,77,82,7,29
2015/03/17,TO,9,73,37,40,17
2015/03/19,TO,8,33,81,90,4
2015/03/21,TO,1,61,78,87,58
2015/03/24,TO,88,8,58,4,69
2015/03/26,TO,68,55,32,42,17
2015/03/28,TO,37,32,4,23,88
2015/03/31,TO,89,60,22,42,33
2015/04/02,TO,66,3,65,57,85
2015/04/04,TO,24,59,55,48,25
2015/04/07,TO,35,8,76,64,90
2015/04/09,TO,19,90,22,76,14
2015/04/11,TO,1,19,63,37,4
2015/04/14,TO,1,32,66,36,54
2015/04/16,TO,36,76,23,9,61
2015/04/18,TO,9,16,71,27,15
2015/04/21,TO,25,60,9,69,43
2015/04/23,TO,44,23,84,89,39
2015/04/27,TO,15,2,46,16,65
2015/04/28,TO,25,30,62,23,29
2015/04/30,TO,21,9,47,6,3
2015/05/02,TO,86,67,1,26,52
2015/05/05,TO,32,37,76,51,80
2015/05/07,TO,51,8,53,76,77
2015/05/09,TO,81,20,37,83,75
2015/05/12,TO,5,26,33,87,20
2015/05/14,TO,69,76,43,34,7
2015/05/16,TO,56,63,1,67,77
2015/05/19,TO,7,90,13,86,79
2015/05/21,TO,19,83,77,50,48
2015/05/23,TO,41,77,64,2,10
2015/05/26,TO,90,42,41,62,48
2015/05/28,TO,4,49,29,81,43
2015/05/30,TO,44,43,68,1,33
2015/06/03,TO,28,6,58,83,21
2015/06/04,TO,12,46,41,5,35
2015/06/06,TO,28,9,37,47,49
2015/06/09,TO,20,85,21,22,7
2015/06/11,TO,80,62,82,58,42
2015/06/13,TO,5,82,71,75,16
2015/06/16,TO,44,82,18,57,68
2015/06/18,TO,22,73,5,8,45
2015/06/20,TO,41,4,46,7,58
2015/06/23,TO,67,46,47,24,68
2015/06/25,TO,3,24,38,88,26
2015/06/27,TO,1,7,54,24,45
2015/06/30,TO,27,15,18,10,83
2015/07/02,TO,66,21,78,82,12
2015/07/04,TO,56,39,21,85,70
2015/07/07,TO,37,42,76,68,31
2015/07/09,TO,11,30,82,73,64
2015/07/11,TO,62,23,11,21,52
2015/07/14,TO,57,45,19,66,29
2015/07/16,TO,69,53,70,34,55
2015/07/18,TO,51,39,71,81,3
2015/07/21,TO,68,82,9,46,71
2015/07/23,TO,75,19,58,35,3
2015/07/25,TO,39,74,46,30,82
2015/07/28,TO,76,64,77,62,90
2015/07/30,TO,37,62,80,84,52
2015/08/01,TO,82,34,35,39,74
2015/08/04,TO,47,15,26,73,62
2015/08/06,TO,21,49,62,81,76
2015/08/08,TO,54,71,33,90,78
2015/08/11,TO,33,80,46,24,64
2015/08/13,TO,80,17,69,50,42
2015/08/17,TO,23,43,55,42,18
2015/08/18,TO,43,78,58,21,40
2015/08/20,TO,72,16,20,59,54
2015/08/22,TO,67,57,18,78,8
2015/08/25,TO,21,54,41,39,29
2015/08/27,TO,18,66,51,13,30
2015/08/29,TO,75,7,87,86,8
2015/09/01,TO,36,12,45,24,11
2015/09/03,TO,59,38,4,30,70
2015/09/05,TO,22,78,50,23,20
2015/09/08,TO,12,31,34,1,49
2015/09/10,TO,86,84,41,3,38
2015/09/12,TO,50,45,33,11,85
2015/09/15,TO,68,46,36,83,12
2015/09/17,TO,89,65,1,20,42
2015/09/19,TO,78,90,50,15,1
2015/09/22,TO,43,51,60,4,9
2015/09/24,TO,63,14,16,66,50
2015/09/26,TO,60,13,76,54,65
2015/09/29,TO,47,82,15,64,78
2015/10/01,TO,57,45,67,80,8
2015/10/03,TO,41,39,1,82,16
2015/10/06,TO,85,40,3,47,86
2015/10/08,TO,54,88,12,70,30
2015/10/10,TO,67,12,44,27,19
2015/10/13,TO,6,53,1,58,61
2015/10/15,TO,16,46,87,65,84
2015/10/17,TO,67,60,4,64,56
2015/10/20,TO,64,89,52,13,88
2015/10/22,TO,29,24,31,10,14
2015/10/24,TO,60,26,71,70,17
2015/10/27,TO,80,60,72,89,45
2015/10/29,TO,44,48,64,90,31
2015/10/31,TO,24,63,16,34,40
2015/11/03,TO,43,56,2,17,20
2015/11/05,TO,66,32,9,83,26
2015/11/07,TO,17,11,62,25,10
2015/11/10,TO,71,12,82,65,20
2015/11/12,TO,2,71,63,51,42
2015/11/14,TO,27,53,34,37,66
2015/11/17,TO,52,73,24,90,66
2015/11/19,TO,84,1,19,29,31
2015/11/21,TO,39,51,24,43,35
2015/11/24,TO,36,79,3,38,52
2015/11/26,TO,77,39,42,40,19
2015/11/28,TO,59,64,53,45,21
2015/12/01,TO,68,80,37,47,25
2015/12/03,TO,24,35,60,37,45
2015/12/05,TO,21,86,26,47,66
2015/12/09,TO,64,42,81,29,80
2015/12/10,TO,64,90,89,34,14
2015/12/12,TO,14,34,12,17,32
2015/12/15,TO,36,9,37,8,82
2015/12/17,TO,29,60,43,45,13
2015/12/19,TO,69,21,7,54,64
2015/12/22,TO,20,14,54,22,45
2015/12/24,TO,34,55,11,84,17
2015/12/28,TO,26,58,43,71,48
2015/12/29,TO,32,4,78,81,85
2015/12/31,TO,75,40,77,60,7
2016/01/02,TO,66,26,27,86,5
2016/01/05,TO,19,50,56,24,44
2016/01/07,TO,1,73,81,16,21
2016/01/09,TO,11,84,34,35,39
2016/01/12,TO,19,83,61,37,82
2016/01/14,TO,46,86,84,88,62
2016/01/16,TO,8,65,72,32,73
2016/01/19,TO,3,90,38,45,36
2016/01/21,TO,5,35,6,39,10
2016/01/23,TO,36,85,60,72,7
2016/01/26,TO,69,86,7,80,66
2016/01/28,TO,29,4,88,51,11
2016/01/30,TO,79,39,57,15,21
2016/02/02,TO,73,78,79,87,36
2016/02/04,TO,61,36,89,25,8
2016/02/06,TO,26,57,22,43,25
2016/02/09,TO,16,62,56,30,37
2016/02/11,TO,38,51,4,6,71
2016/02/13,TO,32,42,16,7,37
2016/02/16,TO,54,85,5,12,60
2016/02/18,TO,22,56,80,76,68
2016/02/20,TO,61,29,60,5,84
2016/02/23,TO,58,20,54,11,70
2016/02/25,TO,76,52,43,77,3
2016/02/27,TO,30,51,75,61,48
2016/03/01,TO,11,57,9,76,6
2016/03/03,TO,48,22,75,90,19
2016/03/05,TO,1,62,20,21,31
2016/03/08,TO,9,31,74,41,4
2016/03/10,TO,8,56,58,54,65
2016/03/12,TO,54,59,64,86,22
2016/03/15,TO,1,65,17,23,66
2016/03/17,TO,62,35,39,68,15
2016/03/19,TO,73,24,75,3,55
2016/03/22,TO,44,46,69,87,67
2016/03/24,TO,70,46,31,19,54
2016/03/26,TO,46,32,38,68,22
2016/03/29,TO,6,50,7,8,76
2016/03/31,TO,65,21,68,88,13
2016/04/02,TO,41,43,51,4,48
2016/04/05,TO,63,73,45,15,90
2016/04/07,TO,29,3,39,36,85
2016/04/09,TO,8,59,57,87,26
2016/04/12,TO,12,52,61,85,49
2016/04/14,TO,51,1,8,59,52
2016/04/16,TO,65,45,21,73,79
2016/04/19,TO,24,48,70,84,88
2016/04/21,TO,28,18,9,72,15
2016/04/23,TO,7,56,73,1,72
2016/04/26,TO,89,57,65,7,26
2016/04/28,TO,8,80,29,12,60
2016/04/30,TO,46,21,57,7,88
2016/05/03,TO,30,8,17,5,27
2016/05/05,TO,46,86,54,20,41
2016/05/07,TO,46,53,28,6,20
2016/05/10,TO,74,85,6,16,39
2016/05/12,TO,37,89,58,41,83
2016/05/14,TO,12,83,53,24,17
2016/05/17,TO,84,83,57,35,66
2016/05/19,TO,14,50,76,10,67
2016/05/21,TO,62,54,85,37,52
2016/05/24,TO,27,48,12,54,74
2016/05/26,TO,13,33,44,47,2
2016/05/28,TO,6,42,80,1,88
2016/05/31,TO,76,80,85,26,78
2016/06/03,TO,36,72,76,73,66
2016/06/04,TO,24,26,38,54,78
2016/06/07,TO,47,26,51,22,76
2016/06/09,TO,12,14,30,25,88
2016/06/11,TO,76,51,50,7,46
2016/06/14,TO,83,55,76,65,23
2016/06/16,TO,32,6,53,68,12
2016/06/18,TO,8,67,11,83,31
2016/06/21,TO,54,49,17,51,41
2016/06/23,TO,35,23,80,73,89
2016/06/25,TO,12,51,45,46,37
2016/06/28,TO,46,89,6,3,67
2016/06/30,TO,30,72,61,2,76
2016/07/02,TO,3,42,54,29,27
2016/07/05,TO,5,42,14,3,83
2016/07/07,TO,16,70,17,64,7
2016/07/09,TO,45,14,11,18,27
2016/07/12,TO,90,5,4,87,50
2016/07/14,TO,10,50,56,43,42
2016/07/16,TO,26,40,77,84,79
2016/07/19,TO,45,38,58,26,29
2016/07/21,TO,13,38,8,6,74
2016/07/23,TO,90,31,43,79,70
2016/07/26,TO,37,40,75,78,66
2016/07/28,TO,13,5,26,76,46
2016/07/30,TO,45,9,36,62,63
2016/08/02,TO,34,16,32,73,62
2016/08/04,TO,20,34,58,22,5
2016/08/06,TO,33,51,16,31,37
2016/08/09,TO,61,6,10,7,84
2016/08/11,TO,21,62,30,48,3
2016/08/13,TO,62,90,66,28,73
2016/08/16,TO,25,26,17,28,83
2016/08/18,TO,24,7,27,72,42
2016/08/20,TO,5,88,36,27,47
2016/08/23,TO,68,38,39,65,36
2016/08/25,TO,47,41,55,83,65
2016/08/27,TO,50,84,10,70,31
2016/08/30,TO,23,33,51,65,75
2016/09/01,TO,39,19,2,67,66
2016/09/03,TO,85,54,71,46,88
2016/09/06,TO,66,59,33,88,34
2016/09/08,TO,1,62,46,66,44
2016/09/10,TO,79,29,54,2,82
2016/09/13,TO,68,56,29,37,25
2016/09/15,TO,50,26,17,44,74
2016/09/17,TO,34,76,83,15,32
2016/09/20,TO,50,54,34,58,72
2016/09/22,TO,40,72,3,66,77
2016/09/24,TO,35,26,1,32,50
2016/09/27,TO,60,24,86,88,43
2016/09/29,TO,6,54,50,81,46
2016/10/01,TO,15,88,54,71,23
2016/10/04,TO,61,39,60,88,34
2016/10/06,TO,31,51,12,47,56
2016/10/08,TO,47,57,9,80,24
2016/10/11,TO,51,55,68,80,15
2016/10/13,TO,84,44,10,73,47
2016/10/15,TO,21,39,88,57,10
2016/10/18,TO,23,77,49,12,27
2016/10/20,TO,56,66,20,40,46
2016/10/22,TO,80,9,47,44,36
2016/10/25,TO,48,3,66,82,64
2016/10/27,TO,5,73,39,52,8
2016/10/29,TO,77,87,44,19,84
2016/11/02,TO,81,30,48,53,76
2016/11/03,TO,85,68,70,80,48
2016/11/05,TO,12,45,65,42,23
2016/11/08,TO,22,54,70,73,50
2016/11/10,TO,64,24,51,7,4
2016/11/12,TO,75,57,35,54,62
2016/11/15,TO,17,21,32,76,72
2016/11/17,TO,73,74,40,9,55
2016/11/19,TO,84,16,56,47,77
2016/11/22,TO,9,47,30,12,69
2016/11/24,TO,89,87,88,10,75
2016/11/26,TO,12,48,89,18,45
2016/11/29,TO,87,36,67,10,31
2016/12/01,TO,14,83,1,84,7
2016/12/03,TO,10,31,28,5,25
2016/12/06,TO,61,12,81,47,41
2016/12/09,TO,21,70,81,53,84
2016/12/10,TO,20,7,22,5,55
2016/12/13,TO,7,63,88,21,9
2016/12/15,TO,82,35,1,39,53
2016/12/17,TO,64,65,49,42,59
2016/12/20,TO,78,85,5,39,19
2016/12/22,TO,9,34,36,84,6
2016/12/24,TO,56,89,67,72,42
2016/12/27,TO,73,47,27,36,54
2016/12/29,TO,43,20,22,63,23
2016/12/31,TO,33,42,46,88,39
2017/01/03,TO,71,89,79,36,28
2017/01/05,TO,38,56,53,19,35
2017/01/07,TO,46,41,71,69,81
2017/01/10,TO,49,70,2,47,89
2017/01/12,TO,16,21,50,77,35
2017/01/14,TO,90,42,75,51,61
2017/01/17,TO,41,12,67,86,24
2017/01/19,TO,21,80,30,19,29
2017/01/21,TO,77,63,49,50,28
2017/01/24,TO,48,33,81,61,80
2017/01/26,TO,5,49,51,55,64
2017/01/28,TO,47,73,26,89,28
2017/01/31,TO,3,25,89,40,26
2017/02/02,TO,67,3,26,2,65
2017/02/04,TO,74,6,57,16,10
2017/02/07,TO,46,22,63,81,41
2017/02/09,TO,76,83,48,24,51
2017/02/11,TO,88,44,48,24,60
2017/02/14,TO,36,41,3,19,30
2017/02/16,TO,6,19,15,36,17
2017/02/18,TO,77,36,11,26,2
2017/02/21,TO,22,5,8,65,70
2017/02/23,TO,40,30,62,51,67
2017/02/25,TO,24,87,58,39,82
2017/02/28,TO,88,64,51,85,4
2017/03/02,TO,25,20,76,44,84
2017/03/04,TO,25,29,2,3,82
2017/03/07,TO,45,42,1,74,48
2017/03/09,TO,3,22,88,39,56
2017/03/11,TO,65,5,22,49,81
2017/03/14,TO,74,9,13,73,56
2017/03/16,TO,85,86,37,29,24
2017/03/18,TO,34,53,19,43,90
2017/03/21,TO,8,11,35,54,65
2017/03/23,TO,77,60,80,11,90
2017/03/25,TO,54,31,28,53,55
2017/03/28,TO,80,18,42,37,65
2017/03/30,TO,54,18,86,26,71
2017/04/01,TO,1,75,49,43,4
2017/04/04,TO,32,15,33,82,49
2017/04/06,TO,29,32,7,40,16
2017/04/08,TO,51,5,40,85,15
2017/04/11,TO,3,25,68,21,90
2017/04/13,TO,46,3,79,38,76
2017/04/15,TO,46,32,18,44,69
2017/04/18,TO,35,31,30,66,60
2017/04/20,TO,86,79,76,41,8
2017/04/22,TO,5,28,11,90,10
2017/04/26,TO,75,13,49,9,1
2017/04/27,TO,55,82,60,3,6
2017/04/29,TO,56,65,51,66,48
2017/05/02,TO,44,17,60,31,53
2017/05/04,TO,24,87,52,90,16
2017/05/06,TO,43,68,34,23,65
2017/05/09,TO,36,5,40,8,64
2017/05/11,TO,57,84,85,38,20
2017/05/13,TO,87,43,67,51,17
2017/05/16,TO,66,38,33,13,77
2017/05/18,TO,52,76,32,36,77
2017/05/20,TO,11,42,5,76,75
2017/05/23,TO,2,23,37,54,48
2017/05/25,TO,25,72,42,41,45
2017/05/27,TO,47,16,17,8,29
2017/05/30,TO,56,36,48,68,32
2017/06/01,TO,40,51,18,61,8
2017/06/03,TO,77,71,51,47,65
2017/06/06,TO,71,8,63,2,79
2017/06/08,TO,60,63,66,88,31
2017/06/10,TO,86,1,54,60,61
2017/06/13,TO,17,9,83,49,47
2017/06/15,TO,32,15,18,6,10
2017/06/17,TO,85,40,49,20,23
2017/06/20,TO,69,57,59,30,47
2017/06/22,TO,20,29,13,64,62
2017/06/24,TO,9,70,13,57,25
2017/06/27,TO,13,21,22,37,17
2017/06/29,TO,49,37,82,83,7
2017/07/01,TO,89,66,47,51,76
2017/07/04,TO,29,7,89,30,8
2017/07/06,TO,76,14,32,81,60
2017/07/08,TO,28,56,88,80,19
2017/07/11,TO,62,59,14,78,18
2017/07/13,TO,48,17,82,45,87
2017/07/15,TO,13,40,84,51,62
2017/07/18,TO,82,80,34,27,24
2017/07/20,TO,13,79,9,38,68
2017/07/22,TO,39,12,71,66,86
2017/07/25,TO,13,15,77,54,49
2017/07/27,TO,66,6,1,46,33
2017/07/29,TO,53,48,50,55,9
2017/08/01,TO,81,76,29,44,28
2017/08/03,TO,60,11,90,89,73
2017/08/05,TO,25,13,30,19,74
2017/08/08,TO,46,1,83,63,57
2017/08/10,TO,34,88,64,78,48
2017/08/12,TO,3,71,55,38,68
2017/08/16,TO,76,44,1,13,84
2017/08/17,TO,17,4,77,82,70
2017/08/19,TO,76,35,56,21,24
2017/08/22,TO,86,75,7,70,61
2017/08/24,TO,87,89,57,13,41
2017/08/26,TO,74,9,43,46,61
2017/08/29,TO,3,12,51,63,46
2017/08/31,TO,47,22,59,26,24
2017/09/02,TO,34,75,53,5,29
2017/09/05,TO,27,59,61,5,33
2017/09/07,TO,31,1,5,80,13
2017/09/09,TO,20,11,78,26,45
2017/09/12,TO,81,26,36,10,62
2017/09/14,TO,18,39,20,52,47
2017/09/16,TO,90,37,26,89,76
2017/09/19,TO,24,12,41,81,8
2017/09/21,TO,4,71,88,24,2
2017/09/23,TO,42,15,66,85,81
2017/09/26,TO,67,43,42,77,10
2017/09/28,TO,64,29,88,8,58
2017/09/30,TO,72,60,46,45,41
2017/10/03,TO,49,24,78,17,68
2017/10/05,TO,58,66,19,1,79
2017/10/07,TO,13,75,60,78,59
2017/10/10,TO,86,10,28,84,41
2017/10/12,TO,53,54,47,21,32
2017/10/14,TO,68,77,60,82,53
2017/10/17,TO,35,67,22,29,57
2017/10/19,TO,5,12,18,64,15
2017/10/21,TO,57,7,40,64,32
2017/10/24,TO,43,38,15,52,57
2017/10/26,TO,7,69,48,83,35
2017/10/28,TO,7,34,75,76,56
2017/10/31,TO,54,25,61,39,41
2017/11/02,TO,30,76,52,13,68
2017/11/04,TO,39,63,22,41,11
2017/11/07,TO,4,40,5,37,18
2017/11/09,TO,51,62,75,23,18
2017/11/11,TO,61,22,21,8,25
2017/11/14,TO,88,74,58,11,54
2017/11/16,TO,68,12,39,18,73
2017/11/18,TO,40,25,75,67,90
2017/11/21,TO,31,89,48,52,20
2017/11/23,TO,73,89,58,7,66
2017/11/25,TO,12,72,30,52,26
2017/11/28,TO,40,84,38,64,35
2017/11/30,TO,83,58,22,18,78
2017/12/02,TO,7,88,61,64,33
2017/12/05,TO,40,84,13,73,11
2017/12/07,TO,30,36,50,37,49
2017/12/09,TO,37,3,56,26,85
2017/12/12,TO,56,70,21,23,45
2017/12/14,TO,55,11,77,6,80
2017/12/16,TO,5,68,1,41,66
2017/12/19,TO,82,33,32,83,43
2017/12/21,TO,18,30,49,52,28
2017/12/23,TO,1,5,73,82,7
2017/12/27,TO,6,89,76,5,25
2017/12/28,TO,35,24,90,23,20
2017/12/30,TO,71,66,5,18,4
2018/01/02,TO,32,84,17,37,68
2018/01/04,TO,50,75,38,60,71
2018/01/08,TO,75,27,85,63,77
2018/01/09,TO,66,81,55,68,24
2018/01/11,TO,89,23,74,5,11
2018/01/13,TO,61,73,8,70,71
2018/01/16,TO,39,64,55,85,89
2018/01/18,TO,70,14,9,29,10
2018/01/20,TO,21,9,27,70,89
2018/01/23,TO,77,73,22,90,68
2018/01/25,TO,50,48,41,51,64
2018/01/27,TO,79,4,46,74,51
2018/01/30,TO,64,43,78,58,63
2018/02/01,TO,76,52,75,47,56
2018/02/03,TO,60,62,76,16,32
2018/02/06,TO,90,33,71,4,40
2018/02/08,TO,57,70,7,24,63
2018/02/10,TO,82,72,48,74,15
2018/02/13,TO,9,80,77,50,57
2018/02/15,TO,41,71,33,52,40
2018/02/17,TO,35,74,79,39,12
2018/02/20,TO,33,30,3,52,12
2018/02/22,TO,7,1,58,71,43
2018/02/24,TO,33,80,30,67,85
2018/02/27,TO,37,33,55,56,59
2018/03/01,TO,66,31,61,11,55
2018/03/03,TO,9,78,69,48,61
2018/03/06,TO,79,44,49,37,13
2018/03/08,TO,85,47,35,76,19
2018/03/10,TO,31,59,83,89,25
2018/03/13,TO,68,38,3,44,16
2018/03/15,TO,81,6,86,78,14
2018/03/17,TO,56,40,9,55,17
2018/03/20,TO,30,72,36,45,8
2018/03/22,TO,3,53,59,47,12
2018/03/24,TO,39,74,53,3,66
2018/03/27,TO,75,71,79,58,40
2018/03/29,TO,77,66,90,46,34
2018/03/31,TO,39,89,66,74,73
2018/04/03,TO,75,18,68,77,7
2018/04/05,TO,37,36,86,41,52
2018/04/07,TO,58,4,10,26,11
2018/04/10,TO,59,65,15,23,1
2018/04/12,TO,3,70,51,86,31
2018/04/14,TO,41,77,31,55,78
2018/04/17,TO,10,2,42,27,12
2018/04/19,TO,33,58,12,34,45
2018/04/21,TO,77,80,89,12,72
2018/04/24,TO,57,6,32,29,87
2018/04/26,TO,26,25,63,70,18
2018/04/28,TO,52,39,74,34,53
2018/05/02,TO,42,79,87,23,46
2018/05/03,TO,82,36,24,20,73
2018/05/05,TO,85,61,87,11,76
2018/05/08,TO,42,19,5,10,32
2018/05/10,TO,68,63,85,49,14
2018/05/12,TO,44,74,2,79,58
2018/05/15,TO,31,12,18,42,81
2018/05/17,TO,5,25,40,13,4
2018/05/19,TO,59,48,57,22,12
2018/05/22,TO,53,24,36,67,51
2018/05/24,TO,82,38,4,11,61
2018/05/26,TO,19,58,16,76,86
2018/05/29,TO,46,35,14,58,15
2018/05/31,TO,62,26,76,35,81
2018/06/04,TO,38,51,60,69,67
2018/06/05,TO,45,53,77,51,3
2018/06/07,TO,48,76,4,85,37
2018/06/09,TO,82,16,47,12,23
2018/06/12,TO,27,75,2,62,32
2018/06/14,TO,22,52,26,38,17
2018/06/16,TO,55,51,67,49,11
2018/06/19,TO,11,59,23,80,6
2018/06/21,TO,68,23,15,51,40
2018/06/23,TO,46,17,75,29,30
2018/06/26,TO,4,42,45,9,83
2018/06/28,TO,34,10,56,27,9
2018/06/30,TO,30,6,85,3,77
2018/07/03,TO,72,58,68,62,59
2018/07/05,TO,17,22,24,30,38
2018/07/07,TO,30,88,83,59,42
2018/07/10,TO,89,7,79,61,10
2018/07/12,TO,86,58,75,87,90
2018/07/14,TO,3,48,15,34,81
2018/07/17,TO,3,43,73,88,74
2018/07/19,TO,6,69,18,16,26
2018/07/21,TO,66,74,3,87,89
2018/07/24,TO,84,74,24,57,4
2018/07/26,TO,27,69,88,46,47
2018/07/28,TO,4,14,86,49,56
2018/07/31,TO,39,47,24,5,2
2018/08/02,TO,11,4,1,60,39
2018/08/04,TO,49,21,40,38,66
2018/08/07,TO,44,24,4,7,1
2018/08/09,TO,28,42,51,53,68
2018/08/11,TO,81,69,47,88,34
2018/08/14,TO,13,39,11,43,6
2018/08/16,TO,20,16,82,11,21
2018/08/18,TO,76,47,6,81,59
2018/08/21,TO,62,81,32,22,89
2018/08/23,TO,21,6,31,29,62
2018/08/25,TO,46,45,52,40,29
2018/08/28,TO,81,37,7,83,35
2018/08/30,TO,24,21,53,37,39
2018/09/01,TO,75,60,62,38,53
2018/09/04,TO,68,1,58,67,36
2018/09/06,TO,5,15,43,20,21
2018/09/08,TO,30,5,19,13,23
2018/09/11,TO,79,76,63,75,35
2018/09/13,TO,85,6,26,32,42
2018/09/15,TO,34,20,38,88,18
2018/09/18,TO,44,89,45,32,20
2018/09/20,TO,58,56,81,12,63
2018/09/22,TO,9,14,73,63,10
2018/09/25,TO,67,42,46,52,20
2018/09/27,TO,58,64,43,29,90
2018/09/29,TO,29,68,2,55,37
2018/10/02,TO,23,28,15,70,10
2018/10/04,TO,19,10,75,46,63
2018/10/06,TO,38,2,88,49,62
2018/10/09,TO,30,57,25,73,44
2018/10/11,TO,56,4,75,40,88
2018/10/13,TO,15,89,44,10,37
2018/10/16,TO,77,38,33,76,60
2018/10/18,TO,85,39,40,33,48
2018/10/20,TO,20,17,8,80,66
2018/10/23,TO,16,49,27,45,66
2018/10/25,TO,40,31,84,55,38
2018/10/27,TO,67,71,49,84,18
2018/10/30,TO,31,85,17,36,24
2018/11/02,TO,81,33,51,5,37
2018/11/03,TO,74,81,9,66,80
2018/11/06,TO,74,45,32,47,33
2018/11/08,TO,76,58,63,29,37
2018/11/10,TO,81,73,38,30,71
2018/11/13,TO,81,87,32,43,75
2018/11/15,TO,12,11,2,85,55
2018/11/17,TO,74,62,46,39,48
2018/11/20,TO,40,38,56,19,27
2018/11/22,TO,22,51,5,26,71
2018/11/24,TO,31,81,6,5,21
2018/11/27,TO,44,7,82,83,90
2018/11/29,TO,82,85,37,27,66
2018/12/01,TO,25,57,4,17,87
2018/12/04,TO,1,69,19,43,82
2018/12/06,TO,67,29,15,14,70
2018/12/10,TO,86,46,71,79,63
2018/12/11,TO,73,85,8,27,72
2018/12/13,TO,35,34,33,12,26
2018/12/15,TO,43,65,26,45,44
2018/12/18,TO,86,81,52,28,25
2018/12/20,TO,6,54,2,84,3
2018/12/22,TO,1,47,90,37,40
2018/12/24,TO,6,44,5,88,89
2018/12/27,TO,81,72,23,3,10
2018/12/29,TO,10,69,22,66,44
2019/01/02,TO,8,51,35,85,86
2019/01/03,TO,16,3,66,86,27
2019/01/05,TO,53,78,84,13,42
2019/01/08,TO,48,7,20,52,86
2019/01/10,TO,87,31,64,9,52
2019/01/12,TO,87,26,68,45,19
2019/01/15,TO,73,10,44,15,47
2019/01/17,TO,66,85,88,57,13
2019/01/19,TO,63,41,55,6,71
2019/01/22,TO,63,77,20,49,42
2019/01/24,TO,41,14,60,16,9
2019/01/26,TO,50,67,27,30,82
2019/01/29,TO,85,26,43,14,36
2019/01/31,TO,1,80,51,34,39
2019/02/02,TO,50,51,81,10,72
2019/02/05,TO,62,23,33,22,28
2019/02/07,TO,30,81,63,57,6
2019/02/09,TO,50,57,9,12,74
2019/02/12,TO,62,86,67,83,56
2019/02/14,TO,4,40,41,16,61
2019/02/16,TO,82,42,40,24,36
2019/02/19,TO,3,54,84,1,29
2019/02/21,TO,69,28,19,15,17
2019/02/23,TO,29,61,54,31,16
2019/02/26,TO,67,21,8,49,75
2019/02/28,TO,85,31,22,7,48
2019/03/02,TO,54,66,81,4,46
2019/03/05,TO,13,28,31,63,10
2019/03/07,TO,87,69,59,60,50
2019/03/09,TO,75,68,53,81,44
2019/03/12,TO,30,51,41,61,90
2019/03/14,TO,5,78,37,74,53
2019/03/16,TO,86,12,31,57,62
2019/03/19,TO,56,70,13,66,11
2019/03/21,TO,36,7,63,48,22
2019/03/23,TO,10,28,55,42,60
2019/03/26,TO,85,38,11,56,43
2019/03/28,TO,30,88,17,40,36
2019/03/30,TO,34,6,50,10,59
2019/04/02,TO,18,83,29,69,35
2019/04/04,TO,56,50,73,53,63
2019/04/06,TO,37,35,5,62,6
2019/04/09,TO,35,64,51,65,68
2019/04/11,TO,36,11,46,75,72
2019/04/13,TO,32,63,39,5,69
2019/04/16,TO,47,18,53,62,28
2019/04/18,TO,13,18,55,8,80
2019/04/20,TO,24,69,6,3,76
2019/04/23,TO,48,34,61,38,90
2019/04/26,TO,4,62,8,75,85
2019/04/27,TO,34,46,28,90,60
2019/04/30,TO,64,4,36,70,83
2019/05/02,TO,24,73,88,5,48
2019/05/04,TO,53,50,79,37,39
2019/05/07,TO,33,28,56,88,11
2019/05/09,TO,17,42,84,46,87
2019/05/11,TO,64,8,36,54,60
2019/05/14,TO,25,38,53,59,27
2019/05/16,TO,26,12,66,43,38
2019/05/18,TO,23,88,54,62,49
2019/05/21,TO,54,4,50,20,71
2019/05/23,TO,54,4,39,56,24
2019/05/25,TO,52,61,19,67,47
2019/05/28,TO,79,17,50,64,52
2019/05/30,TO,14,52,29,13,79
2019/06/01,TO,9,41,45,43,84
2019/06/04,TO,45,57,17,20,58
2019/06/06,TO,51,5,70,45,31
2019/06/08,TO,30,85,1,82,10
2019/06/11,TO,13,1,85,31,69
2019/06/13,TO,37,68,22,11,16
2019/06/15,TO,14,51,83,82,79
2019/06/18,TO,80,72,59,12,88
2019/06/20,TO,87,60,21,51,48
2019/06/22,TO,12,43,74,17,88
2019/06/25,TO,26,52,50,46,19
2019/06/27,TO,87,69,1,57,84
2019/06/29,TO,90,88,73,20,5
2019/07/02,TO,36,11,39,40,9
2019/07/04,TO,23,45,65,80,26
2019/07/06,TO,18,77,28,65,63
2019/07/09,TO,13,68,23,82,76
2019/07/11,TO,88,83,42,54,15
2019/07/13,TO,67,38,41,34,2
2019/07/16,TO,28,4,58,64,69
2019/07/18,TO,28,31,9,89,27
2019/07/20,TO,53,15,43,46,82
2019/07/23,TO,9,28,56,16,17
2019/07/25,TO,56,33,17,22,1
2019/07/27,TO,62,6,54,8,59
2019/07/30,TO,6,36,5,58,18
2019/08/01,TO,38,85,68,50,77
2019/08/03,TO,50,42,63,18,27
2019/08/06,TO,55,64,1,80,78
2019/08/08,TO,69,53,71,74,84
2019/08/10,TO,13,19,18,33,80
2019/08/13,TO,33,43,1,72,24
2019/08/16,TO,77,73,81,31,14
2019/08/17,TO,53,19,6,50,71
2019/08/20,TO,76,80,64,46,60
2019/08/22,TO,8,42,5,33,3
2019/08/24,TO,65,13,80,6,49
2019/08/27,TO,35,45,46,62,36
2019/08/29,TO,81,7,67,52,11
2019/08/31,TO,29,80,31,68,69
2019/09/03,TO,1,89,6,3,78
2019/09/05,TO,57,72,43,34,2
2019/09/07,TO,45,63,72,17,23
2019/09/10,TO,34,82,29,35,12
2019/09/12,TO,19,69,42,39,68
2019/09/14,TO,74,18,21,71,26
2019/09/17,TO,42,22,36,46,37
2019/09/19,TO,80,52,72,71,57
2019/09/21,TO,82,73,3,68,45
2019/09/24,TO,27,25,34,44,75
2019/09/26,TO,57,72,74,56,82
2019/09/28,TO,19,68,22,55,81
2019/10/01,TO,11,58,50,77,62
2019/10/03,TO,71,28,74,48,42
2019/10/05,TO,8,48,11,90,29
2019/10/08,TO,20,80,86,29,54
2019/10/10,TO,22,10,87,44,67
2019/10/12,TO,34,10,70,28,33
2019/10/15,TO,68,21,87,67,66
2019/10/17,TO,16,6,79,54,48
2019/10/19,TO,63,3,13,54,84
2019/10/22,TO,50,2,44,63,29
2019/10/24,TO,31,1,54,32,14
2019/10/26,TO,82,75,48,23,44
2019/10/29,TO,49,70,54,5,52
2019/10/31,TO,53,36,37,31,52
2019/11/02,TO,36,28,85,87,55
2019/11/05,TO,40,32,25,51,22
2019/11/07,TO,42,18,30,66,79
2019/11/09,TO,71,1,9,24,39
2019/11/12,TO,65,55,24,5,26
2019/11/14,TO,61,31,85,84,2
2019/11/16,TO,74,10,72,60,32
2019/11/19,TO,80,52,7,31,57
2019/11/21,TO,53,83,14,37,50
2019/11/23,TO,47,57,21,37,56
2019/11/26,TO,40,53,45,34,61
2019/11/28,TO,62,67,49,55,32
2019/11/30,TO,9,13,71,21,80
2019/12/03,TO,22,2,49,54,7
2019/12/05,TO,83,12,11,71,38
2019/12/07,TO,69,21,52,32,72
2019/12/10,TO,41,31,57,60,3
2019/12/12,TO,62,29,9,70,21
2019/12/14,TO,29,21,12,8,55
2019/12/17,TO,21,30,87,89,45
2019/12/19,TO,86,19,73,22,1
2019/12/21,TO,54,39,12,23,29
2019/12/24,TO,12,26,70,81,69
2019/12/27,TO,20,61,54,38,90
2019/12/28,TO,16,76,74,53,36
2019/12/31,TO,40,84,73,63,35
2020/01/02,TO,48,52,76,68,66
2020/01/04,TO,48,34,27,90,11
2020/01/07,TO,56,35,41,17,5
2020/01/09,TO,81,6,5,90,74
2020/01/11,TO,8,33,11,51,6
2020/01/14,TO,48,76,88,72,13
2020/01/16,TO,70,74,53,27,49
2020/01/18,TO,8,30,1,72,50
2020/01/21,TO,52,42,21,39,22
2020/01/23,TO,43,59,15,85,80
2020/01/25,TO,66,33,68,38,74
2020/01/28,TO,58,64,37,21,14
2020/01/30,TO,20,7,83,2,38
2020/02/01,TO,52,51,74,76,44
2020/02/04,TO,46,83,33,85,31
2020/02/06,TO,8,10,2,51,43
2020/02/08,TO,49,38,32,65,76
2020/02/11,TO,65,52,31,13,87
2020/02/13,TO,81,83,26,51,28
2020/02/15,TO,22,76,90,77,61
2020/02/18,TO,23,54,49,67,77
2020/02/20,TO,19,79,15,32,14
2020/02/22,TO,77,41,13,83,63
2020/02/25,TO,27,2,48,47,63
2020/02/27,TO,33,4,45,8,85
2020/02/29,TO,64,34,46,7,76
2020/03/03,TO,27,64,30,69,77
2020/03/05,TO,59,52,9,10,46
2020/03/07,TO,53,75,25,36,26
2020/03/10,TO,90,49,75,55,4
2020/03/12,TO,46,42,74,3,78
2020/03/14,TO,87,60,18,51,12
2020/03/17,TO,1,78,44,86,87
2020/03/19,TO,61,44,77,2,32
2020/03/21,TO,53,81,5,33,30
2020/05/05,TO,60,79,14,32,56
2020/05/07,TO,73,87,23,34,53
2020/05/09,TO,3,51,41,65,21
2020/05/12,TO,56,64,13,32,16
2020/05/14,TO,16,34,20,33,69
2020/05/16,TO,39,77,34,53,54
2020/05/19,TO,21,6,65,2,78
2020/05/21,TO,28,51,43,82,37
2020/05/23,TO,37,69,74,57,29
2020/05/26,TO,35,70,76,51,33
2020/05/28,TO,6,87,20,2,46
2020/05/30,TO,66,49,45,55,81
2020/06/03,TO,31,72,82,50,20
2020/06/04,TO,66,20,62,64,26
2020/06/06,TO,25,46,17,52,84
2020/06/09,TO,87,49,38,68,28
2020/06/11,TO,88,64,15,46,2
2020/06/13,TO,20,53,90,69,66
2020/06/16,TO,76,18,15,8,67
2020/06/18,TO,69,37,60,15,81
2020/06/20,TO,52,74,26,66,44
2020/06/23,TO,25,28,15,11,66
2020/06/25,TO,7,22,8,51,11
2020/06/27,TO,87,59,67,65,81
2020/06/30,TO,51,53,1,44,41
2020/07/02,TO,64,67,63,2,84
2020/07/04,TO,35,67,2,77,1
2020/07/07,TO,71,15,8,73,27
2020/07/09,TO,73,53,13,54,4
2020/07/11,TO,50,90,7,23,89
2020/07/14,TO,37,9,85,6,5
2020/07/16,TO,50,66,24,60,4
2020/07/18,TO,63,90,45,21,64
2020/07/21,TO,48,69,23,89,4
2020/07/23,TO,52,65,62,12,38
2020/07/25,TO,31,45,86,23,79
2020/07/28,TO,3,10,2,18,34
2020/07/30,TO,64,18,45,79,1
2020/08/01,TO,83,36,67,23,76
2020/08/04,TO,83,7,77,43,33
2020/08/06,TO,42,49,5,14,41
2020/08/08,TO,61,78,71,76,25
2020/08/11,TO,52,30,56,9,81
2020/08/13,TO,83,42,23,3,35
2020/08/17,TO,34,45,55,70,28
2020/08/18,TO,44,76,80,4,16
2020/08/20,TO,63,8,88,54,73
2020/08/22,TO,1,85,57,47,19
2020/08/25,TO,35,47,20,7,15
2020/08/27,TO,46,9,68,65,85
2020/08/29,TO,40,56,26,2,47
2020/09/01,TO,37,71,72,11,44
2020/09/03,TO,58,53,22,16,30
2020/09/05,TO,17,49,1,36,56
2020/09/08,TO,34,1,74,26,53
2020/09/10,TO,70,34,83,77,14
2020/09/12,TO,53,32,29,39,66
2020/09/15,TO,33,34,60,79,64
2020/09/17,TO,57,12,78,67,62
2020/09/19,TO,53,46,62,1,90
2020/09/22,TO,49,30,26,2,70
2020/09/24,TO,62,70,10,54,82
2020/09/26,TO,15,20,57,21,35
2020/09/29,TO,47,41,57,70,2
2020/10/01,TO,26,90,31,3,5
2020/10/03,TO,14,84,49,79,75
2020/10/06,TO,48,7,47,70,6
2020/10/08,TO,53,36,85,87,52
2020/10/10,TO,19,62,85,78,11
2020/10/13,TO,78,14,20,38,8
2020/10/15,TO,68,30,44,71,65
2020/10/17,TO,50,28,40,22,18
2020/10/20,TO,70,61,29,47,25
2020/10/22,TO,14,15,70,18,49
2020/10/24,TO,88,45,51,66,77
2020/10/27,TO,64,30,43,69,16
2020/10/29,TO,77,39,71,74,22
2020/10/31,TO,63,35,73,2,28
2020/11/03,TO,25,42,20,54,17
2020/11/05,TO,83,12,45,61,55
2020/11/07,TO,52,49,31,58,34
2020/11/10,TO,25,80,75,88,18
2020/11/12,TO,27,62,34,76,31
2020/11/14,TO,26,36,49,67,2
2020/11/17,TO,80,53,7,11,12
2020/11/19,TO,81,49,78,33,15
2020/11/21,TO,49,29,75,36,51
2020/11/24,TO,31,27,16,64,38
2020/11/26,TO,66,12,47,68,6
2020/11/28,TO,59,74,88,1,22
2020/12/01,TO,88,86,63,68,26
2020/12/03,TO,88,55,14,50,3
2020/12/05,TO,39,3,66,60,30
2020/12/09,TO,11,50,5,30,48
2020/12/10,TO,10,18,33,36,43
2020/12/12,TO,63,46,71,7,89
2020/12/15,TO,16,86,48,75,43
2020/12/17,TO,30,23,5,67,40
2020/12/19,TO,79,6,69,18,88
2020/12/22,TO,31,2,81,64,18
2020/12/24,TO,8,60,79,47,72
2020/12/28,TO,17,23,20,25,89
2020/12/29,TO,20,58,62,38,51
2020/12/31,TO,67,32,4,85,88
2021/01/02,TO,78,66,42,82,54
2021/01/05,TO,85,3,79,50,84
2021/01/07,TO,72,82,18,7,67
2021/01/09,TO,23,45,60,58,43
2021/01/12,TO,42,47,36,15,53
2021/01/14,TO,19,1,6,34,39
2021/01/16,TO,90,76,28,26,7
2021/01/19,TO,7,59,68,44,61
2021/01/21,TO,66,90,17,74,29
2021/01/23,TO,56,29,25,9,67
2021/01/26,TO,35,83,53,81,11
2021/01/28,TO,43,67,42,30,7
2021/01/30,TO,63,5,23,85,21
2021/02/02,TO,25,21,69,74,46
2021/02/04,TO,24,6,51,82,89
2021/02/06,TO,26,36,53,52,21
2021/02/09,TO,17,74,66,12,30
2021/02/11,TO,76,83,20,22,13
2021/02/13,TO,71,42,15,76,85
2021/02/16,TO,11,14,51,15,58
2021/02/18,TO,79,39,83,65,89
2021/02/20,TO,57,58,67,21,70
2021/02/23,TO,41,86,18,31,87
2021/02/25,TO,62,85,88,40,43
2021/02/27,TO,63,34,60,64,58
2021/03/02,TO,37,4,33,5,88
2021/03/04,TO,6,35,55,39,20
2021/03/06,TO,51,46,19,18,1
2021/03/09,TO,13,42,39,34,51
2021/03/11,TO,44,3,40,38,69
2021/03/13,TO,56,58,37,18,24
2021/03/16,TO,29,4,58,33,79
2021/03/18,TO,74,10,12,29,30
2021/03/20,TO,72,23,13,81,18
2021/03/23,TO,68,53,7,32,45
2021/03/25,TO,82,13,23,63,62
2021/03/27,TO,1,20,15,68,70
2021/03/30,TO,5,31,2,25,27
2021/04/01,TO,9,78,24,53,86
2021/04/03,TO,23,17,56,4,37
2021/04/06,TO,68,74,29,25,73
2021/04/08,TO,80,68,23,88,19
2021/04/10,TO,51,55,89,81,23
2021/04/13,TO,15,85,78,24,44
2021/04/15,TO,76,90,41,17,40
2021/04/17,TO,9,15,84,17,32
2021/04/20,TO,39,43,66,41,85
2021/04/22,TO,1,28,26,67,71
2021/04/24,TO,71,81,46,44,23
2021/04/27,TO,87,74,73,47,60
2021/04/29,TO,28,6,61,81,54
2021/05/03,TO,4,3,79,68,51
2021/05/04,TO,82,87,21,53,79
2021/05/06,TO,26,69,63,68,42
2021/05/08,TO,25,13,20,77,30
2021/05/11,TO,73,65,35,82,36
2021/05/13,TO,56,18,27,75,41
2021/05/15,TO,41,28,84,30,80
2021/05/18,TO,17,8,50,74,87
2021/05/20,TO,67,58,31,29,4
2021/05/22,TO,2,68,45,34,42
2021/05/25,TO,26,46,2,6,31
2021/05/27,TO,85,89,72,14,25
2021/05/29,TO,73,54,86,52,35
2021/06/01,TO,58,86,12,69,11
2021/06/03,TO,4,46,90,40,80
2021/06/05,TO,55,42,10,85,11
2021/06/08,TO,31,58,24,62,47
2021/06/10,TO,61,60,67,51,4
2021/06/12,TO,55,27,36,16,73
2021/06/15,TO,58,81,17,60,18
2021/06/17,TO,7,71,47,82,75
2021/06/19,TO,44,21,86,10,69
2021/06/22,TO,45,64,89,7,74
2021/06/24,TO,22,51,81,3,10
2021/06/26,TO,44,51,36,14,20
2021/06/29,TO,9,30,4,16,53
2021/07/01,TO,84,42,69,34,73
2021/07/03,TO,15,11,13,82,43
2021/07/06,TO,46,5,3,22,74
2021/07/08,TO,74,78,10,32,47
2021/07/10,TO,29,73,22,30,46
2021/07/13,TO,87,42,2,65,74
2021/07/15,TO,32,17,24,44,6
2021/07/17,TO,37,49,55,26,78
2021/07/20,TO,56,2,59,64,66
2021/07/22,TO,45,66,79,50,38
2021/07/24,TO,61,4,82,65,5
2021/07/27,TO,79,26,59,13,57
2021/07/29,TO,47,40,55,82,18
2021/07/31,TO,52,4,71,68,13
2021/08/03,TO,71,27,11,30,42
2021/08/05,TO,87,51,82,37,67
2021/08/07,TO,69,31,29,67,30
2021/08/10,TO,38,54,47,10,65
2021/08/12,TO,81,6,1,33,58
2021/08/14,TO,4,58,16,18,59
2021/08/17,TO,40,52,22,33,13
2021/08/19,TO,72,39,41,1,50
2021/08/21,TO,53,15,42,84,71
2021/08/24,TO,61,87,82,27,21
2021/08/26,TO,75,26,69,37,32
2021/08/28,TO,75,73,82,86,36
2021/08/31,TO,47,32,74,19,73
2021/09/02,TO,5,20,8,49,13
2021/09/04,TO,24,21,25,6,67
2021/09/07,TO,35,62,65,60,38
2021/09/09,TO,48,82,28,32,49
2021/09/11,TO,23,86,66,39,44
2021/09/14,TO,29,8,81,23,61
2021/09/16,TO,58,57,45,79,71
2021/09/18,TO,11,16,38,88,9
2021/09/21,TO,12,24,83,53,64
2021/09/23,TO,60,81,46,17,53
2021/09/25,TO,3,32,44,31,49
2021/09/28,TO,77,53,78,39,12
2021/09/30,TO,56,73,30,21,5
2021/10/02,TO,78,57,34,17,43
2021/10/05,TO,45,69,20,56,18
2021/10/07,TO,1,74,78,64,76
2021/10/09,TO,46,55,36,4,27
2021/10/12,TO,55,49,81,53,73
2021/10/14,TO,85,76,9,4,68
2021/10/16,TO,68,1,34,32,18
2021/10/19,TO,2,85,61,24,49
2021/10/21,TO,39,40,28,38,31
2021/10/23,TO,60,28,12,7,63
2021/10/26,TO,9,72,18,74,66
2021/10/28,TO,57,64,79,69,21
2021/10/30,TO,52,41,29,86,33
2021/11/02,TO,16,35,56,34,75
2021/11/04,TO,84,69,75,66,72
2021/11/06,TO,7,32,28,51,16
2021/11/09,TO,38,62,42,25,20
2021/11/11,TO,37,69,88,44,11
2021/11/13,TO,78,47,17,57,11
2021/11/16,TO,16,24,10,15,20
2021/11/18,TO,34,26,24,64,38
2021/11/20,TO,2,86,79,27,81
2021/11/23,TO,82,15,31,38,83
2021/11/25,TO,87,37,78,56,74
2021/11/27,TO,17,36,64,53,8
2021/11/30,TO,12,52,82,79,3
2021/12/02,TO,73,82,60,21,38
2021/12/04,TO,31,49,44,17,57
2021/12/07,TO,22,36,78,15,3
2021/12/09,TO,86,26,8,5,52
2021/12/11,TO,73,5,30,25,31
2021/12/14,TO,12,68,71,85,55
2021/12/16,TO,48,32,12,81,47
2021/12/18,TO,63,62,78,53,27
2021/12/21,TO,64,33,88,75,73
2021/12/23,TO,65,29,18,38,46
2021/12/27,TO,18,68,57,60,87
2021/12/28,TO,89,6,22,57,19
2021/12/30,TO,69,66,70,56,88
2022/01/03,TO,64,70,66,75,68
2022/01/04,TO,10,11,64,70,26
2022/01/07,TO,80,37,84,14,4
2022/01/08,TO,23,82,89,83,74
2022/01/11,TO,12,1,35,90,9
2022/01/13,TO,88,78,1,73,37
2022/01/15,TO,85,18,66,81,83
2022/01/18,TO,28,43,84,76,46
2022/01/20,TO,34,54,51,17,30
2022/01/22,TO,88,34,13,31,65
2022/01/25,TO,88,26,30,13,23
2022/01/27,TO,69,78,17,46,21
2022/01/29,TO,71,42,41,57,17
2022/02/01,TO,19,54,55,71,4
2022/02/03,TO,64,63,88,20,76
2022/02/05,TO,73,30,9,62,88
2022/02/08,TO,9,60,55,16,87
2022/02/10,TO,3,67,39,32,36
2022/02/12,TO,79,49,50,87,61
2022/02/15,TO,19,26,23,66,39
2022/02/17,TO,44,2,78,20,55
2022/02/19,TO,82,76,74,68,24
2022/02/22,TO,81,60,63,44,31
2022/02/24,TO,3,87,29,13,15
2022/02/26,TO,24,85,42,19,67
2022/03/01,TO,49,30,51,11,87
2022/03/03,TO,1,2,68,79,16
2022/03/05,TO,35,6,70,42,59
2022/03/08,TO,81,6,2,16,25
2022/03/10,TO,23,7,77,84,89
2022/03/12,TO,62,87,76,24,35
2022/03/15,TO,38,12,59,65,64
2022/03/17,TO,35,79,49,51,66
2022/03/19,TO,78,3,70,50,55
2022/03/22,TO,39,61,78,70,27
2022/03/24,TO,44,2,49,74,63
2022/03/26,TO,29,84,1,5,20
2022/03/29,TO,17,19,81,13,36
2022/03/31,TO,3,16,53,72,5
2022/04/02,TO,79,42,1,56,32
2022/04/05,TO,79,54,6,78,81
2022/04/07,TO,90,26,69,65,72
2022/04/09,TO,25,10,89,71,65
2022/04/12,TO,25,50,41,69,36
2022/04/14,TO,22,49,41,5,64
2022/04/16,TO,81,61,52,76,31
2022/04/19,TO,12,7,22,17,39
2022/04/21,TO,44,19,8,62,22
2022/04/23,TO,59,19,17,67,38
2022/04/26,TO,61,17,52,24,47
2022/04/28,TO,41,50,53,22,21
2022/04/30,TO,73,16,82,78,80
2022/05/03,TO,12,43,22,71,5
2022/05/05,TO,27,15,6,25,71
2022/05/07,TO,54,28,23,80,31
2022/05/10,TO,59,56,55,47,40
2022/05/12,TO,4,49,46,38,28
2022/05/14,TO,48,41,8,26,85
2022/05/17,TO,51,8,59,25,23
2022/05/19,TO,3,42,34,69,59
2022/05/21,TO,33,21,49,47,22
2022/05/24,TO,86,59,21,55,54
2022/05/26,TO,64,44,31,70,20
2022/05/28,TO,88,86,76,78,11
2022/05/31,TO,56,1,76,8,64
2022/06/03,TO,71,21,55,26,17
2022/06/04,TO,45,39,15,32,21
2022/06/07,TO,60,44,82,38,80
2022/06/09,TO,12,65,22,72,62
2022/06/11,TO,45,65,80,83,21
2022/06/14,TO,53,61,71,56,8
2022/06/16,TO,68,39,40,24,11
2022/06/18,TO,10,36,1,66,12
2022/06/21,TO,11,29,58,65,36
2022/06/23,TO,69,26,85,46,60
2022/06/25,TO,18,22,42,72,41
2022/06/28,TO,39,38,33,88,19
2022/06/30,TO,70,35,38,76,20
2022/07/02,TO,65,85,32,19,1
2022/07/05,TO,71,77,48,18,23
2022/07/07,TO,10,46,72,40,22
2022/07/09,TO,60,40,11,22,75
2022/07/12,TO,47,53,72,7,38
2022/07/14,TO,52,36,68,17,14
2022/07/16,TO,88,43,17,77,54
2022/07/19,TO,50,64,51,43,10
2022/07/21,TO,49,33,36,88,90
2022/07/23,TO,30,72,45,76,78
2022/07/26,TO,65,89,42,72,68
2022/07/28,TO,79,21,41,29,89
2022/07/30,TO,48,29,55,50,36
2022/08/02,TO,26,65,24,29,14
2022/08/04,TO,71,12,7,16,58
2022/08/06,TO,69,67,33,78,56
2022/08/09,TO,64,49,25,22,44
2022/08/11,TO,52,57,39,67,54
2022/08/13,TO,57,43,72,36,88
2022/08/16,TO,56,16,79,50,14
2022/08/18,TO,74,42,62,66,9
2022/08/20,TO,86,48,22,87,9
2022/08/23,TO,32,2,75,80,61
2022/08/25,TO,58,37,27,54,25
2022/08/27,TO,69,7,37,80,38
2022/08/30,TO,18,36,38,59,89
2022/09/01,TO,44,8,88,28,67
2022/09/03,TO,17,71,21,9,1
2022/09/06,TO,90,64,38,40,78
2022/09/08,TO,44,3,43,18,78
2022/09/10,TO,2,39,81,5,10
2022/09/13,TO,18,53,1,27,8
2022/09/15,TO,4,56,41,69,20
2022/09/17,TO,54,70,85,21,79
2022/09/20,TO,19,35,45,24,89
2022/09/22,TO,9,2,61,60,8
2022/09/24,TO,3,18,41,83,64
2022/09/27,TO,19,26,88,34,37
2022/09/29,TO,89,9,16,42,38
2022/10/01,TO,35,31,24,53,6
2022/10/04,TO,41,87,14,18,45
2022/10/06,TO,84,12,9,46,87
2022/10/08,TO,60,36,72,12,34
2022/10/11,TO,28,22,8,71,23
2022/10/13,TO,27,15,82,1,80
2022/10/15,TO,64,51,87,52,11
2022/10/18,TO,56,39,63,58,14
2022/10/20,TO,79,45,58,8,65
2022/10/22,TO,87,39,5,51,60
2022/10/25,TO,37,38,62,73,41
2022/10/27,TO,46,57,29,75,37
2022/10/29,TO,40,27,43,5,4
2022/11/02,TO,4,5,35,82,66
2022/11/03,TO,63,2,8,68,16
2022/11/05,TO,19,39,68,29,7
2022/11/08,TO,84,8,46,14,43
2022/11/10,TO,71,48,41,13,84
2022/11/12,TO,72,70,67,16,4
2022/11/15,TO,84,43,89,22,16
2022/11/17,TO,8,38,62,37,51
2022/11/19,TO,23,22,73,61,40
2022/11/22,TO,51,43,32,7,70
2022/11/24,TO,85,41,51,31,55
2022/11/26,TO,43,66,87,17,72
2022/11/29,TO,23,52,5,17,27
2022/12/01,TO,6,22,81,27,9
2022/12/03,TO,41,37,88,33,61
2022/12/06,TO,32,54,7,87,88
2022/12/09,TO,14,68,71,47,42
2022/12/10,TO,87,43,17,18,8
2022/12/13,TO,89,72,19,26,6
2022/12/15,TO,71,57,11,14,20
2022/12/17,TO,89,54,12,63,25
2022/12/20,TO,60,85,12,11,28
2022/12/22,TO,14,39,41,31,69
2022/12/24,TO,8,56,20,85,86
2022/12/27,TO,26,34,53,35,57
2022/12/29,TO,66,90,69,50,52
2022/12/31,TO,39,56,53,34,44
2023/01/03,TO,39,74,64,61,13
2023/01/05,TO,12,35,5,61,31
2023/01/07,TO,54,60,13,18,5
2023/01/10,TO,61,60,31,52,82
2023/01/12,TO,88,28,8,61,18
2023/01/14,TO,29,55,20,22,30
2023/01/17,TO,9,22,81,72,62
2023/01/19,TO,9,2,51,62,24
2023/01/21,TO,89,83,25,84,74
2023/01/24,TO,22,67,33,13,11
2023/01/26,TO,23,85,89,88,49
2023/01/28,TO,74,34,40,51,46
2023/01/31,TO,79,78,38,28,30
2023/02/02,TO,11,55,78,67,22
2023/02/04,TO,43,58,72,22,48
2023/02/07,TO,64,35,13,55,86
2023/02/09,TO,67,88,50,42,43
2023/02/11,TO,54,50,1,32,90
2023/02/14,TO,14,71,21,41,60
2023/02/16,TO,64,50,2,68,43
2023/02/18,TO,25,82,59,18,52
2023/02/21,TO,39,52,41,18,63
2023/02/23,TO,38,67,63,49,10
2023/02/25,TO,42,1,4,76,33
2023/02/28,TO,18,72,34,48,19
2023/03/02,TO,45,83,17,26,51
2023/03/04,TO,17,42,66,53,36
2023/03/07,TO,81,63,39,88,77
2023/03/09,TO,27,29,24,75,81
2023/03/11,TO,42,50,66,40,65
2023/03/14,TO,23,24,79,33,15
2023/03/16,TO,33,1,78,42,85
2023/03/18,TO,78,13,49,8,43
2023/03/21,TO,10,74,37,89,62
2023/03/23,TO,42,13,38,36,65
2023/03/25,TO,49,29,11,70,87
2023/03/28,TO,70,87,73,34,54
2023/03/30,TO,22,16,45,79,56
2023/04/01,TO,6,61,63,88,68
2023/04/04,TO,53,16,28,45,11
2023/04/06,TO,7,41,29,75,73
2023/04/08,TO,78,22,34,21,20
2023/04/11,TO,6,7,41,56,48
2023/04/13,TO,3,55,65,28,14
2023/04/15,TO,13,36,6,66,16
2023/04/18,TO,38,12,6,33,8
2023/04/20,TO,13,77,36,79,7
2023/04/22,TO,8,14,32,88,84
2023/04/26,TO,8,7,65,43,36
2023/04/27,TO,28,81,25,1,56
2023/04/29,TO,87,61,73,15,18
2023/05/02,TO,9,15,42,44,62
2023/05/04,TO,20,16,72,69,25
2023/05/06,TO,76,72,55,63,26
2023/05/09,TO,89,33,75,2,82
2023/05/11,TO,3,56,17,89,50
2023/05/13,TO,15,42,51,88,7
2023/05/16,TO,71,15,35,42,70
2023/05/18,TO,47,33,11,53,89
2023/05/20,TO,31,87,49,75,67
2023/05/23,TO,17,41,42,33,75
2023/05/25,TO,81,68,58,27,3
2023/05/27,TO,34,14,41,28,30
2023/05/30,TO,56,4,20,19,27
2023/06/01,TO,44,60,42,78,39
2023/06/03,TO,81,90,8,7,2
2023/06/06,TO,26,23,4,87,84
2023/06/08,TO,13,10,35,83,27
2023/06/10,TO,44,23,61,89,50
2023/06/13,TO,52,36,8,26,7
2023/06/15,TO,66,25,1,23,18
2023/06/17,TO,40,66,22,46,6
2023/06/20,TO,10,13,2,52,83
2023/06/22,TO,86,81,16,55,78
2023/06/24,TO,71,35,78,5,83
2023/06/27,TO,14,38,11,75,42
2023/06/29,TO,54,8,66,35,9
2023/07/01,TO,22,16,90,54,15
2023/07/04,TO,19,41,44,11,52
2023/07/06,TO,75,31,28,29,42
2023/07/07,TO,14,62,13,34,85
2023/07/08,TO,75,47,10,80,28
2023/07/11,TO,49,13,6,17,36
2023/07/13,TO,71,37,61,10,62
